32.180000	14.680000	-11.760000
34.543440	13.176880	-9.794700
35.418088	10.540776	-8.923540
34.431983	9.853386	-6.592561
31.911616	9.380070	-6.953877
31.700203	6.804280	-7.509250
32.050125	4.912455	-5.185911
30.414423	3.440448	-2.850690
29.765183	3.898165	0.255321
30.950492	3.326429	3.232771
30.826247	2.707904	6.305001
33.156544	1.913917	8.360072
33.945446	0.842904	11.174564
32.434924	1.897642	13.697712
29.632730	2.022899	15.112197
27.346797	4.177803	15.000662
24.940032	5.348532	13.250410
24.360538	7.884328	11.283075
23.147307	8.960780	8.462911
24.124056	10.238713	5.494951
24.354938	10.551335	2.043361
25.623147	9.605680	-0.958677
25.540280	9.144023	-4.245169
24.891825	7.012748	-6.417647
25.331762	6.308909	-9.299878
23.584234	4.653654	-10.509799
21.341329	6.098442	-10.203161
21.598224	8.867352	-9.918334
20.980031	10.241886	-7.135635
21.459824	10.444304	-3.882344
20.784564	8.704642	-1.061312
21.299315	7.527685	2.139761
23.072417	5.560291	4.343765
24.722490	4.883981	7.202155
27.543774	5.423593	8.762593
29.500730	4.999079	11.181497
31.505308	6.878380	12.275073
34.547454	7.146285	11.405400
36.180838	7.330673	8.837329
35.064293	8.391472	6.157412
35.187250	8.989588	2.834909
34.148407	10.716603	0.461008
31.484609	10.441625	-0.222948
29.642438	11.435159	1.892600
27.690641	13.957616	2.987350
25.568104	15.699972	4.509544
23.247714	16.783818	2.785235
21.930262	16.899764	0.123552
22.786175	19.011115	-1.250342
25.323132	18.659425	-1.395104
25.456165	16.512574	-2.806917
24.641402	17.278721	-5.144232
26.348919	19.073418	-5.891777
28.558770	17.598496	-6.264713
27.843465	15.365765	-7.893825
25.387505	15.349368	-9.999918
23.225532	15.824126	-12.670835
20.040000	15.140000	-14.140000
