32.180000	14.680000	-11.760000
34.124797	12.947827	-10.029857
34.844725	10.980970	-8.678725
34.010914	9.934659	-7.210425
32.416861	8.894273	-7.042269
31.883415	6.894675	-6.813639
31.621077	5.084134	-5.033192
30.622975	3.919794	-2.639231
30.225399	3.731747	0.263509
30.775545	3.276840	3.230752
31.352745	2.651066	6.073863
32.814530	1.890075	8.495231
33.280658	1.339409	11.098615
32.008543	1.813377	13.368838
29.682422	2.479833	14.633053
27.375597	4.055026	14.503624
25.380394	5.621463	13.084630
24.342744	7.580794	11.040649
23.662169	8.926240	8.370283
24.061909	9.963827	5.371437
24.560282	10.201985	2.125196
25.315410	9.618982	-0.984453
25.369277	8.773854	-3.993142
25.071556	7.273412	-6.500134
24.817529	6.207320	-8.865443
23.430482	5.429398	-10.053822
21.908290	6.531056	-10.060160
21.516667	8.568536	-9.267765
21.203373	9.845650	-6.910766
21.249742	9.908169	-3.941091
21.069964	8.726073	-1.005377
21.660737	7.374812	1.920884
23.137719	5.880328	4.430791
24.998406	5.220365	6.921158
27.384278	5.306005	8.884647
29.507182	5.500090	10.826498
31.722858	6.574212	11.681259
34.170774	7.089339	10.875412
35.464629	7.526009	8.698447
35.205905	8.341771	6.002692
34.889643	9.206131	3.087258
33.714319	10.299206	0.996435
31.604424	10.714265	0.537751
29.635201	11.842756	1.788116
27.642702	13.822103	2.983623
25.538902	15.487546	3.687348
23.547656	16.556439	2.436843
22.562224	17.283279	0.410319
23.251929	18.433659	-0.926867
24.793030	18.185958	-1.670508
25.188552	17.167374	-3.045438
25.224670	17.569598	-4.787758
26.504098	18.302673	-5.765501
27.820239	17.325748	-6.564879
27.283881	15.875483	-8.081149
25.332682	15.536209	-10.141005
22.969907	15.575109	-12.404306
20.040000	15.140000	-14.140000
