32.180000	14.680000	-11.760000
34.002310	12.924359	-10.067758
34.677102	11.070678	-8.670799
33.918128	9.944222	-7.339647
32.513643	8.799308	-7.049144
31.920204	6.904084	-6.659145
31.551180	5.149695	-4.956392
30.676038	4.023979	-2.580673
30.325477	3.715480	0.275815
30.788259	3.258127	3.219569
31.442475	2.635673	6.030570
32.723937	1.909569	8.509103
33.097775	1.443822	11.066686
31.884854	1.843067	13.265045
29.671983	2.573675	14.483309
27.405716	4.063535	14.359693
25.479161	5.661603	13.007738
24.388328	7.523420	10.970321
23.774759	8.889716	8.330402
24.083032	9.880232	5.342709
24.588069	10.111509	2.135983
25.248063	9.583722	-0.973278
25.327383	8.704796	-3.941855
25.071736	7.309941	-6.480837
24.704245	6.239790	-8.745821
23.405639	5.620603	-9.923655
22.018863	6.643759	-9.967270
21.535557	8.503770	-9.102016
21.241228	9.717714	-6.832923
21.230913	9.770914	-3.936703
21.145136	8.695431	-1.005884
21.756875	7.357426	1.879198
23.185703	5.962042	4.424668
25.055723	5.303096	6.867858
27.363713	5.325122	8.877153
29.514402	5.590005	10.717039
31.746804	6.527304	11.504252
34.057763	7.076803	10.720599
35.298070	7.562665	8.631087
35.183495	8.350297	5.973988
34.801496	9.229855	3.166849
33.612047	10.233777	1.167608
31.608264	10.779065	0.725774
29.633257	11.934322	1.801433
27.631377	13.799869	2.935777
25.549025	15.425668	3.487140
23.649250	16.516046	2.339220
22.739897	17.321594	0.469491
23.354836	18.297682	-0.861596
24.688762	18.095272	-1.727109
25.142184	17.300386	-3.087837
25.344365	17.615984	-4.715540
26.519739	18.136312	-5.740443
27.636553	17.261777	-6.634063
27.124028	15.980185	-8.142426
25.275539	15.584496	-10.167477
22.907480	15.532537	-12.354193
20.040000	15.140000	-14.140000
