32.180000	14.680000	-11.760000
33.680181	12.919137	-10.143582
34.248438	11.247352	-8.728172
33.702643	9.953068	-7.602015
32.680589	8.619866	-7.038154
31.994867	6.922539	-6.314884
31.454348	5.329796	-4.714245
30.808123	4.254363	-2.416913
30.556135	3.716389	0.322656
30.893067	3.214099	3.186164
31.589819	2.609589	5.944018
32.485047	1.991890	8.502252
32.636198	1.681431	10.950532
31.553180	1.988264	12.966175
29.609194	2.789351	14.065510
27.501619	4.135848	13.962885
25.716330	5.725533	12.751402
24.573618	7.402427	10.767202
24.040077	8.753897	8.202838
24.183233	9.648624	5.268862
24.627990	9.872765	2.151009
25.103232	9.440990	-0.924001
25.214014	8.561503	-3.818835
24.999434	7.377362	-6.361301
24.460957	6.407687	-8.426268
23.362922	6.076705	-9.560769
22.239552	6.915483	-9.640560
21.630647	8.361680	-8.681411
21.326455	9.374649	-6.601333
21.246701	9.423231	-3.888794
21.340990	8.567170	-1.018426
22.006099	7.341142	1.789926
23.350869	6.158904	4.371469
25.188874	5.514300	6.746194
27.351110	5.440340	8.784101
29.532462	5.765563	10.399082
31.740186	6.462553	11.024600
33.757442	7.056231	10.296850
34.901250	7.635850	8.412010
35.023526	8.389404	5.921187
34.553888	9.256005	3.399120
33.367346	10.142253	1.633846
31.570329	10.930279	1.185519
29.618910	12.130752	1.882073
27.614930	13.762427	2.759950
25.618351	15.278775	3.017660
23.946357	16.422092	2.089799
23.187600	17.315425	0.569584
23.590183	17.992774	-0.740367
24.508103	17.922165	-1.833166
25.070940	17.546782	-3.157930
25.568135	17.676181	-4.577006
26.503397	17.793535	-5.698630
27.196295	17.121108	-6.791796
26.699580	16.182201	-8.302875
25.057990	15.698467	-10.225885
22.748360	15.470003	-12.266898
20.040000	15.140000	-14.140000
