32.180000	14.680000	-11.760000
33.586989	12.928045	-10.163683
34.127714	11.285993	-8.759108
33.642945	9.953040	-7.661338
32.708252	8.583450	-7.028146
32.012154	6.929356	-6.226146
31.445506	5.382209	-4.635702
30.846662	4.313350	-2.364835
30.618881	3.725856	0.340258
30.935323	3.204824	3.177359
31.613892	2.607343	5.923175
32.413047	2.022389	8.489172
32.505581	1.746210	10.905960
31.454022	2.044168	12.870087
29.582919	2.849482	13.935705
27.531220	4.166180	13.839019
25.783548	5.737287	12.661744
24.641257	7.371060	10.700220
24.114511	8.705086	8.159178
24.220837	9.576685	5.246108
24.634799	9.799980	2.153018
25.067467	9.388940	-0.905782
25.177901	8.525832	-3.781776
24.963433	7.395241	-6.309845
24.401401	6.473344	-8.328075
23.354433	6.200247	-9.445479
22.290150	6.988579	-9.525137
21.666178	8.325667	-8.557776
21.352452	9.274609	-6.525723
21.266705	9.322763	-3.865450
21.400072	8.520126	-1.022294
22.079973	7.340817	1.766858
23.407580	6.212635	4.348481
25.226968	5.576738	6.710214
27.356831	5.486502	8.738210
29.535671	5.807356	10.295547
31.721460	6.456401	10.878920
33.668225	7.054210	10.166573
34.790175	7.653041	8.338384
34.953227	8.402428	5.910700
34.475168	9.259272	3.473751
33.298427	10.132758	1.773004
31.547997	10.970574	1.313922
29.611421	12.177902	1.913045
27.614921	13.755610	2.701030
25.650809	15.240790	2.893211
24.040926	16.393295	2.018119
23.313191	17.290947	0.583443
23.654275	17.915531	-0.717266
24.479004	17.883963	-1.854052
25.061466	17.593440	-3.169450
25.610994	17.679642	-4.548413
26.483447	17.714903	-5.692925
27.075339	17.086597	-6.833017
26.572997	16.224268	-8.348191
24.978528	15.728201	-10.242216
22.700541	15.462822	-12.251740
20.040000	15.140000	-14.140000
