32.180000	14.680000	-11.760000
32.231360	13.200177	-10.434173
32.209034	11.804522	-9.009182
32.133912	10.511546	-7.484128
32.016889	9.338355	-5.874819
31.860793	8.299790	-4.211116
31.663289	7.407500	-2.533296
31.419843	6.669239	-0.888318
31.100546	6.164987	0.594732
30.711706	5.871293	1.795826
30.272724	5.741021	2.676554
29.810015	5.696046	3.348550
29.336892	5.690113	3.918142
28.845681	5.755220	4.288536
28.341460	5.877952	4.473126
27.827679	6.050704	4.472253
27.306676	6.271218	4.268269
26.782013	6.533175	3.852971
26.258444	6.826817	3.223945
25.741322	7.143020	2.366488
25.251603	7.458895	1.131960
24.799510	7.730740	-0.374699
24.421365	7.801122	-1.798175
24.111558	7.808926	-2.494164
23.872483	7.793902	-2.800868
23.703508	7.761741	-2.836495
23.573351	7.721372	-2.748583
23.536993	7.663712	-2.411447
23.641686	7.585593	-1.792613
23.945977	7.487054	-0.869939
24.552603	7.397936	0.274564
25.290310	7.349401	1.381624
26.098732	7.394723	2.295086
26.880800	7.516317	3.036300
27.600117	7.717429	3.600637
28.230323	7.997846	3.994016
28.752233	8.355779	4.227169
29.150772	8.789177	4.312056
29.438733	9.284277	4.280492
29.616599	9.835788	4.147275
29.655026	10.452866	3.902066
29.535888	11.136764	3.549754
29.242623	11.885006	3.099200
28.754065	12.690252	2.556456
28.161609	13.521344	1.968354
27.449813	14.301403	1.209125
26.860510	14.976654	0.374701
26.389302	15.534446	-0.538304
25.974097	16.029879	-1.492193
25.659827	16.393759	-2.531464
25.412490	16.615574	-3.662719
25.173659	16.693776	-4.889976
24.865077	16.637981	-6.214060
24.402670	16.467044	-7.633705
23.714957	16.205972	-9.145225
22.760818	15.882160	-10.740884
21.536274	15.520832	-12.408617
20.040000	15.140000	-14.140000
