36.739000	37.242000	-17.741000
36.695209	37.048084	-17.184818
36.668379	36.861448	-16.633300
36.658387	36.682166	-16.086547
36.665123	36.510327	-15.544670
36.688485	36.346034	-15.007790
36.728375	36.189398	-14.476036
36.784681	36.040532	-13.949540
36.857266	35.899544	-13.428431
36.945964	35.766532	-12.912830
37.050578	35.641587	-12.402857
37.170903	35.524804	-11.898633
37.306742	35.416291	-11.400292
37.457918	35.316179	-10.907985
37.624261	35.224624	-10.421886
37.805598	35.141800	-9.942186
38.001720	35.067897	-9.469092
38.212365	35.003112	-9.002826
38.437196	34.947653	-8.543630
38.675786	34.901746	-8.091769
38.927607	34.865639	-7.647541
39.192017	34.839610	-7.211284
39.468245	34.823972	-6.783382
39.755376	34.819064	-6.364255
40.052336	34.825239	-5.954356
40.357891	34.842848	-5.554142
40.670640	34.872209	-5.164056
40.986618	34.907519	-4.779140
41.308274	34.954864	-4.404766
41.633984	35.014476	-4.041308
41.961994	35.086506	-3.689061
42.290452	35.170998	-3.348219
42.617454	35.267877	-3.018848
42.941095	35.376942	-2.700864
43.259526	35.497868	-2.394029
43.571002	35.630213	-2.097939
43.873932	35.773435	-1.812023
44.166906	35.926896	-1.535535
44.448712	36.089866	-1.267543
44.718330	36.261513	-1.006911
44.974923	36.440886	-0.752271
45.210498	36.629125	-0.502621
45.424344	36.821396	-0.251488
45.624431	37.013649	0.003636
45.811559	37.204195	0.264327
45.986519	37.391490	0.531882
46.150014	37.574134	0.807348
46.302631	37.750869	1.091559
46.444830	37.920561	1.385163
46.576951	38.082192	1.688656
46.699230	38.234843	2.002397
46.811812	38.377694	2.326629
46.914772	38.510010	2.661496
47.008120	38.631127	3.007063
47.091806	38.740434	3.363336
47.165725	38.837356	3.730284
47.229719	38.921341	4.107847
47.283589	38.991858	4.495949
47.327118	39.048419	4.894486
47.360093	39.090592	5.303317
47.382317	39.118014	5.722260
47.393620	39.130397	6.151091
47.393846	39.127497	6.589552
47.382840	39.109102	7.037369
47.360433	39.075001	7.494255
47.326442	39.024976	7.959920
47.280664	38.958805	8.434064
47.228941	38.884505	8.912373
47.165224	38.793835	9.398853
47.089300	38.686578	9.893183
47.000962	38.562530	10.395021
46.900015	38.421520	10.903992
46.786287	38.263412	11.419688
46.659632	38.088114	11.941669
46.519927	37.895567	12.469461
46.367069	37.685743	13.002568
46.200973	37.458639	13.540471
46.021572	37.214275	14.082634
45.828817	36.952692	14.628501
45.622676	36.673951	15.177501
45.403133	36.378128	15.729049
45.080408	35.951185	16.255393
44.742269	35.461787	16.583992
44.414740	34.982121	16.889463
44.098852	34.514065	17.171639
43.789049	34.052298	17.442121
43.491959	33.604123	17.689102
43.208711	33.171662	17.912316
42.948913	32.768018	18.099171
42.716436	32.401063	18.248440
42.505092	32.064184	18.370904
42.315210	31.758844	18.467352
42.145488	31.483974	18.540336
41.994533	31.238166	18.592246
41.868703	31.032405	18.617133
41.764424	30.862099	18.619924
41.673036	30.713439	18.609908
41.593668	30.585211	18.588172
41.525489	30.476221	18.555719
41.467719	30.385326	18.513464
41.419672	30.311505	18.462206
41.380791	30.253946	18.402596
41.350683	30.212107	18.335117
41.329158	30.185796	18.260063
41.316254	30.175242	18.177523
41.307701	30.172677	18.091237
41.307983	30.186425	17.997406
41.317480	30.217348	17.895835
41.336744	30.266661	17.786193
41.366435	30.335797	17.668082
41.407254	30.426315	17.541093
41.459936	30.539878	17.404821
41.532215	30.692222	17.253704
41.626923	30.890236	17.086455
41.738299	31.123031	16.907754
41.867597	31.393926	16.717173
42.016029	31.706316	16.514404
42.184562	32.063274	16.299405
42.383015	32.489365	16.067791
42.609021	32.983680	15.823342
42.852805	33.524575	15.571943
43.113820	34.112633	15.314826
43.391238	34.747787	15.053385
43.683642	35.428238	14.789149
43.989020	36.150153	14.523659
44.310462	36.927706	14.258975
44.641274	37.740179	13.996254
44.980706	38.586311	13.736386
45.328025	39.464713	13.480252
45.682522	40.373868	13.228723
46.046310	41.325308	12.986045
46.415416	42.302073	12.750562
46.787049	43.290989	12.518895
47.163488	44.303145	12.295292
47.544273	45.336344	12.080625
47.929016	46.388225	11.875769
48.317413	47.456249	11.681591
48.709245	48.537669	11.498932
49.104386	49.629498	11.328568
49.502803	50.728476	11.171154
50.303217	51.296083	11.442489
50.246333	50.489029	11.350161
50.172550	49.688218	11.254350
50.081923	48.893912	11.155182
49.974561	48.106344	11.052794
49.850613	47.325724	10.947322
49.710174	46.552268	10.838891
49.561502	45.782453	10.729009
49.396342	45.020054	10.616271
49.214569	44.265367	10.500753
49.015925	43.518733	10.382503
48.800213	42.780446	10.261569
48.567595	42.050610	10.138054
48.318654	41.329112	10.012118
48.054035	40.615802	9.883930
47.774038	39.910696	9.753604
47.478779	39.213908	9.621226
47.045363	38.618501	9.480860
46.548551	38.148681	9.369240
46.050969	37.697320	9.264981
45.553728	37.264416	9.168473
45.057911	36.849918	9.080063
44.564564	36.453735	9.000060
44.074695	36.075737	8.928730
43.589266	35.715767	8.866300
43.109197	35.373643	8.812953
42.635359	35.049158	8.768837
42.168577	34.742092	8.734056
41.709625	34.452212	8.708678
41.259231	34.179275	8.692733
40.818075	33.923031	8.686218
40.386789	33.683228	8.689091
39.965957	33.459612	8.701281
39.561979	33.259715	8.727178
39.169920	33.075263	8.761971
38.790179	32.906021	8.805461
38.423117	32.751758	8.857426
38.069060	32.612253	8.917622
37.728300	32.487290	8.985786
37.401100	32.376661	9.061636
37.080740	32.273148	9.141258
36.774178	32.183765	9.228275
36.481630	32.108317	9.322380
36.203285	32.046612	9.423258
35.939308	31.998468	9.530575
35.689838	31.963712	9.643993
35.454995	31.942176	9.763159
35.234875	31.933697	9.887718
35.029550	31.938116	10.017303
34.839066	31.955272	10.151544
34.663430	31.984990	10.290066
34.502601	32.027079	10.432485
34.356489	32.081317	10.578415
34.224955	32.147464	10.727470
34.107851	32.225286	10.879270
34.005094	32.314610	11.033451
33.916754	32.415397	11.189676
33.843110	32.527780	11.347633
33.784612	32.652029	11.507018
33.741750	32.788447	11.667505
33.714922	32.937263	11.828728
33.704407	33.098612	11.990278
33.710409	33.272570	12.151715
33.733114	33.459199	12.312580
33.772706	33.658561	12.472399
33.829374	33.870721	12.630680
33.903304	34.095739	12.786917
33.994680	34.333674	12.940587
34.103679	34.584573	13.091152
34.230471	34.848478	13.238059
34.375218	35.125414	13.380743
34.538066	35.415393	13.518623
34.719149	35.718411	13.651113
34.918587	36.034441	13.777612
35.136482	36.363441	13.897517
35.372923	36.705346	14.010218
35.627982	37.060070	14.115102
35.901715	37.427503	14.211556
36.194163	37.807515	14.298969
36.505354	38.199953	14.376732
36.835299	38.604642	14.444245
37.183997	39.021382	14.500914
37.551431	39.449953	14.546155
37.937573	39.890109	14.579397
38.342380	40.341584	14.600082
38.765795	40.804088	14.607669
39.207750	41.277310	14.601635
39.668163	41.760916	14.581473
40.146940	42.254553	14.546700
40.643975	42.757847	14.496853
41.159149	43.270403	14.431492
41.692331	43.791809	14.350201
42.243379	44.321636	14.252589
42.812140	44.859437	14.138288
43.398449	45.404752	14.006957
44.002130	45.957106	13.858282
44.622995	46.516011	13.691972
45.260847	47.080969	13.507764
45.915478	47.651472	13.305418
46.586670	48.227003	13.084721
47.274194	48.807041	12.845482
47.977812	49.391055	12.587537
48.697276	49.978514	12.310742
49.432329	50.568884	12.014976
50.182704	51.161627	11.700140
50.453523	51.558500	10.519487
50.056331	51.297473	10.426936
49.669821	51.028938	10.347845
49.294209	50.753001	10.282066
48.929709	50.469769	10.229455
48.576532	50.179343	10.189873
48.234885	49.881827	10.163180
47.904965	49.577323	10.149237
47.586956	49.265935	10.147899
47.281026	48.947773	10.159011
46.987331	48.622943	10.182421
46.706033	48.291549	10.217984
46.437317	47.953676	10.265587
46.181412	47.609386	10.325161
45.938598	47.258715	10.396686
45.709195	46.901677	10.480178
45.493540	46.538279	10.575673
45.291964	46.168532	10.683197
45.104764	45.792460	10.802748
44.932193	45.410115	10.934283
44.774459	45.021567	11.077710
44.624190	44.629941	11.227057
44.488935	44.232203	11.388177
44.368847	43.828460	11.560922
44.264058	43.418833	11.745116
44.174699	43.003452	11.940570
44.100917	42.582450	12.147092
44.042888	42.155958	12.364496
44.000814	41.724107	12.592602
43.974924	41.287029	12.831233
43.965454	40.844865	13.080196
43.972641	40.397766	13.339285
43.996716	39.945898	13.608267
44.037897	39.489442	13.886885
44.096398	39.028595	14.174859
44.172425	38.563565	14.471887
44.266176	38.094573	14.777647
44.377844	37.621856	15.091793
44.507614	37.145659	15.413961
44.655661	36.666245	15.743765
44.822151	36.183884	16.080799
45.375883	35.778995	16.357568
46.070458	35.450780	16.541888
46.779375	35.131073	16.715822
47.502660	34.819937	16.879285
48.240294	34.517409	17.032223
48.992376	34.223596	17.174500
49.759098	33.938659	17.305910
50.540561	33.662703	17.426317
51.336739	33.395761	17.535674
52.147597	33.137862	17.633938
52.973167	32.889087	17.721000
53.806111	32.644901	17.802424
54.653853	32.409959	17.872490
55.516494	32.184398	17.931017
56.394097	31.968340	17.977841
57.286633	31.761860	18.012857
58.194000	31.565000	18.036000
