32.180000	14.680000	-11.760000
31.854932	14.354326	-11.243857
31.529691	14.029896	-10.730726
31.204258	13.706830	-10.220893
30.878639	13.385100	-9.714296
30.552839	13.064669	-9.210840
30.226853	12.745563	-8.710588
29.900765	12.427188	-8.212107
29.574495	12.110121	-7.716791
29.248049	11.794303	-7.224495
28.921426	11.479761	-6.735289
28.594655	11.166276	-6.248639
28.267735	10.853850	-5.764550
27.940662	10.542530	-5.283138
27.613444	10.232241	-4.804221
27.286077	9.923016	-4.327878
26.958529	9.615092	-3.854684
26.630809	9.308393	-3.384452
26.302913	9.002959	-2.917282
25.974868	8.698587	-2.452682
25.646662	8.395368	-1.990870
25.318278	8.093427	-1.532153
24.989714	7.792772	-1.076545
24.661009	7.493121	-0.623368
24.332169	7.194439	-0.172533
24.331516	7.194998	-0.172055
24.231415	7.431818	-0.548103
24.129270	7.669327	-0.927784
24.025166	7.907496	-1.310949
23.919189	8.146296	-1.697442
23.811002	8.385841	-2.087862
23.700657	8.626113	-2.482119
23.588034	8.867154	-2.880425
23.473208	9.108936	-3.282646
23.356386	9.351391	-3.688415
23.237232	9.594632	-4.098332
23.116136	9.838528	-4.511697
22.993053	10.083093	-4.928595
22.868000	10.328322	-5.348995
22.740496	10.574377	-5.773753
22.610504	10.821271	-6.202930
22.478083	11.068983	-6.636427
22.343362	11.317470	-7.074012
22.206422	11.566705	-7.515541
22.067348	11.816660	-7.960863
21.925854	12.067429	-8.410486
21.782038	12.318982	-8.864236
21.635927	12.571308	-9.322067
21.487193	12.824517	-9.784559
21.336414	13.078416	-10.250686
21.183129	13.333160	-10.721267
21.027416	13.588722	-11.196165
20.869178	13.845134	-11.675550
20.708344	14.102422	-12.159551
20.545174	14.360497	-12.647702
20.379594	14.619384	-13.140138
20.211216	14.879214	-13.637546
20.040000	15.140000	-14.140000
