32.180000	14.680000	-11.760000
31.882617	14.157200	-10.864726
31.579769	13.654878	-10.003903
31.271582	13.172606	-9.176929
30.958176	12.709963	-8.383203
30.639674	12.266520	-7.622098
30.316209	11.841809	-6.892899
29.987927	11.435299	-6.194780
29.657275	11.037749	-5.511979
29.321965	10.657826	-4.859342
28.982163	10.294921	-4.235890
28.638037	9.948411	-3.640606
28.289744	9.617716	-3.072536
27.937422	9.302331	-2.530853
27.581193	9.001801	-2.014806
27.221183	8.715658	-1.523618
26.857523	8.443416	-1.056485
26.490324	8.184660	-0.612717
26.119673	7.939071	-0.191797
25.745649	7.706356	0.206751
25.368345	7.486180	0.583476
24.964653	7.367979	0.779389
24.701331	7.439812	0.084372
24.540393	7.476341	-0.298811
24.492716	7.482495	-0.385686
24.475150	7.481407	-0.398675
24.466482	7.478260	-0.390306
24.461807	7.474196	-0.372405
24.497218	7.461355	-0.261281
24.631184	7.428738	0.068197
24.871537	7.377128	0.619015
25.558447	7.345934	1.599128
25.526127	7.705824	1.254394
25.481762	8.062128	0.892335
25.425198	8.414749	0.512716
25.356296	8.763593	0.115322
25.274897	9.108561	-0.300088
25.180733	9.449521	-0.733917
25.073337	9.786273	-1.186852
24.952047	10.118552	-1.659865
24.816098	10.446058	-2.154077
24.665062	10.768597	-2.670119
24.499264	11.086230	-3.207538
24.319079	11.399035	-3.765802
24.124082	11.706817	-4.345540
23.913384	12.009211	-4.948062
23.686219	12.305884	-5.574496
23.442077	12.596575	-6.225606
23.180625	12.881073	-6.901904
22.901612	13.159179	-7.603784
22.604810	13.430694	-8.331611
22.289991	13.695401	-9.085754
21.956928	13.953074	-9.866583
21.605411	14.203476	-10.674450
21.235245	14.446362	-11.509685
20.855709	14.685427	-12.358683
20.457347	14.916726	-13.235359
20.040000	15.140000	-14.140000
