32.180000	14.680000	-11.760000
32.300263	12.423111	-9.482978
32.332190	11.209900	-8.161995
32.316523	10.582200	-7.374728
32.246256	9.757970	-6.169139
32.145171	9.058981	-4.988306
31.955982	8.133822	-3.199400
31.706787	7.163331	-1.103850
31.423837	6.261188	1.073536
31.061744	5.296043	3.673436
30.682300	4.442152	6.244431
30.301515	3.729636	8.680690
30.051567	3.377147	10.153534
30.006468	3.401108	10.188527
29.420815	3.838724	9.924253
29.303081	3.926170	9.805958
28.770402	4.301127	8.829853
28.148048	4.714809	7.512301
27.535932	5.092789	6.043163
26.814719	5.500565	4.107620
25.952433	5.944600	1.573115
25.151173	6.314537	-0.984162
24.364011	6.628516	-3.715808
23.695874	6.843687	-6.244390
23.242691	6.776921	-8.570670
23.144235	6.723849	-8.895151
23.099570	6.743795	-8.896065
23.300575	6.790105	-7.929768
23.762543	6.844367	-6.347034
24.408976	6.894515	-4.515250
25.262017	6.942487	-2.415263
26.334135	6.988976	-0.056001
27.433741	7.026918	2.133409
28.557513	7.058209	4.162837
29.722224	7.085088	6.067932
30.887250	7.109478	7.789284
30.966253	7.128696	7.823829
31.707372	7.494978	7.653379
31.761728	7.552089	7.592146
31.824582	8.377061	6.358914
31.799318	9.811549	4.177548
31.702688	10.745496	2.751034
31.648545	10.821734	2.675101
30.118348	12.141189	2.054999
27.810872	14.138672	1.103810
26.392589	15.397607	0.431492
25.653120	16.083951	-0.004050
24.707581	17.007893	-0.694157
24.680496	17.051127	-0.776305
24.810765	17.111157	-1.789599
24.912089	17.100703	-3.129731
24.931600	17.038940	-4.573701
24.863558	16.957395	-5.746627
24.768719	16.903755	-6.226502
24.579102	16.824274	-6.685723
23.477746	16.403525	-8.661518
21.867064	15.804232	-11.317958
20.040000	15.140000	-14.140000
