32.180000	14.680000	-11.760000
32.263707	13.246931	-10.364240
32.279942	11.910146	-8.883863
32.242860	10.678488	-7.331929
32.205176	9.448110	-5.779197
32.105175	8.367894	-4.145659
31.960451	7.416226	-2.467748
31.737104	6.682710	-0.845430
31.438972	6.135902	0.613273
31.074745	5.747321	1.871128
30.643996	5.516039	2.871219
30.158272	5.416412	3.601922
29.632816	5.414789	4.100195
29.083603	5.473685	4.440649
28.520892	5.568897	4.675605
27.937321	5.721744	4.735945
27.339500	5.916461	4.659058
26.723408	6.168097	4.384233
26.091616	6.474448	3.901385
25.444481	6.845834	3.141519
24.787901	7.269389	2.134522
24.554624	7.167843	-0.311617
24.323759	7.030231	-2.747896
24.051317	6.908347	-4.144137
23.845061	6.923142	-4.630694
23.687469	6.985650	-4.720814
23.558746	7.063456	-4.637351
23.461582	7.149369	-4.403196
23.427118	7.246705	-3.890604
23.610489	7.330158	-2.641679
24.029951	7.334120	-0.885280
24.651956	7.241520	1.135530
25.699991	7.030613	3.242341
26.520148	7.317278	3.730725
27.186228	7.675280	4.041453
27.780743	8.065820	4.272829
28.250207	8.512467	4.369504
28.633918	8.996848	4.377685
28.929051	9.519338	4.298923
29.152115	10.072335	4.151936
29.279662	10.664755	3.919410
29.280316	11.307690	3.582016
29.123068	12.010355	3.128241
28.778600	12.778670	2.558062
28.200065	13.619322	1.879017
27.517083	14.341106	1.113786
26.995257	14.933241	0.275942
26.587756	15.423613	-0.631139
26.234992	15.840820	-1.591939
25.926982	16.196893	-2.597736
25.679125	16.459322	-3.673017
25.406055	16.547275	-4.887848
25.059429	16.546975	-6.178612
24.506818	16.412963	-7.596290
23.723151	16.188659	-9.112347
22.697310	15.888475	-10.719854
21.494881	15.541794	-12.388897
20.040000	15.140000	-14.140000
