32.180000	14.680000	-11.760000
31.832164	14.247207	-10.933128
31.482332	13.819221	-10.116118
31.129245	13.399078	-9.315200
30.773178	12.986112	-8.529008
30.414280	12.579967	-7.756810
30.052238	12.181397	-7.000156
29.687255	11.789910	-6.258035
29.319171	11.405893	-5.531239
28.947996	11.029325	-4.819728
28.574230	10.658995	-4.121017
28.198168	10.294199	-3.433658
27.819454	9.935792	-2.759410
27.438159	9.583601	-2.097916
27.054051	9.238187	-1.450328
26.667702	8.898173	-0.813819
26.279101	8.563582	-0.188435
25.888577	8.233625	0.427438
25.495969	7.908689	1.033011
25.101279	7.588768	1.628293
24.704497	7.273887	2.213234
24.509927	7.219640	0.792760
24.401540	7.192817	0.047675
24.343288	7.182070	-0.304308
24.320318	7.180906	-0.406051
24.309660	7.182606	-0.427218
24.302149	7.184934	-0.429091
24.295897	7.187472	-0.423676
24.292757	7.190499	-0.400623
24.302060	7.195327	-0.308593
24.366630	7.207380	0.083266
24.555373	7.232195	1.126034
24.882131	7.502272	1.182765
24.799261	7.801675	0.712883
24.709616	8.101488	0.234270
24.612406	8.401760	-0.254094
24.506773	8.702539	-0.753317
24.394026	9.003745	-1.261712
24.271482	9.305538	-1.782737
24.140969	9.607804	-2.314036
24.001536	9.910596	-2.856839
23.852894	10.213928	-3.411517
23.695838	10.517745	-3.977049
23.527630	10.822199	-4.556967
23.348433	11.127269	-5.151065
23.159147	11.432893	-5.758187
22.959550	11.739069	-6.378622
22.749684	12.045781	-7.012321
22.529876	12.352995	-7.658865
22.300429	12.660682	-8.317869
22.058204	12.968974	-8.993396
21.804553	13.277783	-9.683706
21.539384	13.587086	-10.388928
21.263032	13.896838	-11.108633
20.975870	14.207003	-11.842349
20.677310	14.517579	-12.590843
20.365438	14.828590	-13.356613
20.040000	15.140000	-14.140000
