32.180000	14.680000	-11.760000
31.976715	13.032510	-9.014098
31.858699	12.132945	-7.486514
31.789980	11.662699	-6.659681
31.680171	10.990814	-5.431489
31.573862	10.396672	-4.308326
31.402193	9.507463	-2.576755
31.195015	8.491299	-0.553641
30.975402	7.465579	1.530775
30.707206	6.266594	4.013602
30.436648	5.104090	6.463337
30.176216	4.030271	8.768633
30.016432	3.407396	10.141073
30.008316	3.411581	10.146324
29.542637	3.741642	9.635561
29.518771	3.757006	9.596129
29.108981	3.972613	8.537236
28.598526	4.233125	7.172953
28.062960	4.498685	5.699492
27.382660	4.827152	3.780533
26.513180	5.237847	1.279751
25.658238	5.633618	-1.221509
24.762508	6.039712	-3.886750
23.948337	6.400718	-6.351269
23.224548	6.713419	-8.584228
23.145736	6.742225	-8.851598
23.136562	6.746108	-8.850757
23.504266	6.769695	-7.955166
24.144776	6.807370	-6.465224
24.927384	6.850747	-4.700015
25.856141	6.899698	-2.658220
26.937486	6.954247	-0.332582
27.976780	7.004513	1.856683
28.980068	7.050929	3.925084
29.969967	7.094643	5.921046
30.911838	7.134258	7.776945
30.925461	7.138124	7.783200
31.616011	7.528046	7.573646
31.625718	7.540021	7.561153
31.628094	8.373094	6.352264
31.604857	9.841296	4.215970
31.573285	10.799081	2.820731
31.563758	10.814801	2.805293
30.096150	12.135750	2.068717
27.883700	14.133812	0.930411
26.507109	15.381760	0.204060
25.775286	16.049853	-0.199273
24.771811	16.973369	-0.779374
24.765910	16.980978	-0.794167
24.559585	16.893575	-1.792977
24.270832	16.773072	-3.083160
23.942745	16.637669	-4.459366
23.666608	16.524943	-5.544484
23.591246	16.494980	-5.793173
23.481128	16.452413	-6.084632
22.611155	16.119869	-8.165223
21.386659	15.652806	-11.034757
20.040000	15.140000	-14.140000
