32.180000	14.680000	-11.760000
32.314702	13.195925	-10.389699
32.345925	11.809405	-8.920066
32.309769	10.538675	-7.326820
32.246999	9.352826	-5.660582
32.145461	8.301509	-3.907268
31.981868	7.428375	-2.170834
31.734167	6.761362	-0.612153
31.390062	6.326378	0.620720
31.003876	5.994329	1.672567
30.568100	5.785891	2.482447
30.098248	5.665415	3.094786
29.603643	5.611768	3.538522
29.091371	5.608237	3.843184
28.567122	5.640243	4.042071
28.025433	5.726782	4.067570
27.467017	5.869839	3.898409
26.898565	6.050453	3.588547
26.319264	6.283085	3.054239
25.733207	6.567805	2.257766
25.148631	6.904437	1.128207
24.578683	7.276912	-0.347676
24.346932	7.164245	-2.744262
24.040005	7.055258	-4.273865
23.818213	7.065657	-4.810092
23.671248	7.112583	-4.893931
23.554927	7.166735	-4.836571
23.468444	7.222165	-4.674091
23.520922	7.281855	-4.031525
23.904963	7.291404	-2.617673
24.560916	7.240029	-0.888476
25.505447	7.212302	0.651790
26.409489	7.264885	1.917338
27.195950	7.431641	2.828200
27.847288	7.698837	3.448699
28.385399	8.039731	3.866784
28.836345	8.433006	4.146334
29.189212	8.882340	4.281552
29.441779	9.385782	4.282115
29.588424	9.942593	4.155507
29.613286	10.555763	3.901968
29.515611	11.219395	3.543575
29.297951	11.930114	3.090818
28.910156	12.703040	2.519483
28.251610	13.551377	1.825672
27.482063	14.316265	1.083650
26.863677	14.943204	0.266172
26.368830	15.463447	-0.623476
25.950619	15.915790	-1.561726
25.634875	16.265041	-2.575173
25.386709	16.460387	-3.703736
25.091223	16.520668	-4.940395
24.720698	16.479623	-6.262051
24.232634	16.334864	-7.676184
23.499569	16.102647	-9.191037
22.545828	15.819513	-10.778783
21.365194	15.492117	-12.437544
20.040000	15.140000	-14.140000
