32.180000	14.680000	-11.760000
32.784820	12.250689	-9.744232
32.980028	10.843802	-8.582725
32.953431	10.025386	-7.872598
32.735638	8.992698	-6.770954
32.509475	8.128565	-5.573915
32.221279	7.086581	-3.743766
31.929758	6.078401	-1.570018
31.648898	5.219368	0.716565
31.308234	4.420376	3.440700
30.924921	3.825987	6.121829
30.481835	3.432428	8.651234
30.116925	3.315914	10.177829
30.011021	3.371382	10.281800
29.359964	3.850984	10.240616
29.107040	4.050277	10.087802
28.445648	4.591961	9.209840
27.711035	5.177554	7.928528
27.032090	5.686031	6.427230
26.302344	6.179261	4.429323
25.505109	6.643814	1.816237
24.814833	6.963538	-0.832378
24.210174	7.100249	-3.655603
23.739817	7.009028	-6.242699
23.333542	6.755399	-8.571654
23.150027	6.690326	-8.956607
23.066608	6.733929	-8.950362
23.065053	6.858640	-7.941924
23.303879	6.955363	-6.269359
23.780566	7.008369	-4.351854
24.545982	7.030116	-2.156995
25.604159	7.033545	0.278426
26.779196	7.027366	2.503314
28.052952	7.021477	4.508708
29.422034	7.025465	6.308944
30.826870	7.049221	7.854009
31.028824	7.093458	7.928225
31.828139	7.447353	7.766700
31.951219	7.561617	7.635931
32.075500	8.374185	6.359592
32.033293	9.764336	4.112886
31.851751	10.674728	2.646197
31.732976	10.820679	2.496637
30.126893	12.107138	1.969647
27.721315	14.108719	1.280557
26.247376	15.395453	0.699188
25.477911	16.126478	0.237211
24.592357	17.065986	-0.559845
24.532631	17.178237	-0.754154
24.701276	17.384945	-1.763609
25.057570	17.485936	-3.093086
25.411639	17.390603	-4.523908
25.553139	17.219462	-5.748202
25.483116	17.088182	-6.441070
25.230707	16.940756	-7.081036
24.021319	16.450311	-9.022236
22.179403	15.804362	-11.536966
20.040000	15.140000	-14.140000
