32.180000	14.680000	-11.760000
31.860327	14.179414	-10.797988
31.533964	13.694859	-9.868336
31.201415	13.225135	-8.968643
30.861606	12.772816	-8.104124
30.514982	12.336841	-7.272654
30.162962	11.913810	-6.467369
29.804267	11.506790	-5.694484
29.440227	11.112592	-4.947554
29.070831	10.731246	-4.226648
28.696871	10.360853	-3.527924
28.318936	9.999997	-2.848519
27.936097	9.650910	-2.192955
27.547551	9.315519	-1.565139
27.154816	8.990183	-0.957698
26.756938	8.677189	-0.375266
26.354078	8.376154	0.182927
25.947560	8.083900	0.723325
25.537303	7.800619	1.245533
25.122228	7.528903	1.744296
24.702392	7.268619	2.219884
24.444453	7.185527	0.139864
24.263000	7.149367	-0.929269
24.187585	7.142191	-1.300612
24.161013	7.145896	-1.377472
24.144101	7.151498	-1.398127
24.129810	7.157584	-1.403742
24.118169	7.164107	-1.394498
24.113428	7.171584	-1.347723
24.143765	7.183118	-1.115189
24.298671	7.204761	-0.249254
24.569064	7.225480	1.142706
24.595455	7.526279	0.816298
24.609809	7.827677	0.474316
24.614541	8.129544	0.119881
24.607292	8.431982	-0.250065
24.583937	8.735159	-0.640869
24.550035	9.038803	-1.045338
24.499189	9.343177	-1.471764
24.434311	9.648142	-1.916377
24.353858	9.953736	-2.381185
24.258927	10.259878	-2.864777
24.146396	10.566635	-3.371216
24.014903	10.873979	-3.902297
23.866891	11.181750	-4.454864
23.701564	11.489868	-5.029985
23.517843	11.798233	-5.629100
23.315145	12.106702	-6.253013
23.089279	12.415104	-6.907256
22.842322	12.723223	-7.589174
22.570885	13.030748	-8.303292
22.278887	13.337497	-9.044535
21.964319	13.643073	-9.815645
21.622659	13.946825	-10.622728
21.264546	14.249243	-11.451721
20.880705	14.549197	-12.315089
20.472930	14.846367	-13.210577
20.040000	15.140000	-14.140000
