32.180000	14.680000	-11.760000
32.078043	13.503986	-10.193433
31.966373	12.360003	-8.627263
31.838566	11.268455	-7.065948
31.688396	10.248366	-5.518927
31.510085	9.316769	-4.001311
31.298631	8.488042	-2.533876
31.050199	7.773241	-1.142336
30.762468	7.179523	0.144095
30.434900	6.709737	1.294746
30.068828	6.362306	2.279949
29.667339	6.131439	3.073723
29.234929	6.007712	3.656374
28.776992	5.978953	4.016775
28.299208	6.031318	4.154044
27.806954	6.150364	4.078444
27.304838	6.321961	3.811370
26.796453	6.532873	3.384411
26.284371	6.770959	2.837568
25.770354	7.025009	2.216799
25.255730	7.284334	1.571128
24.964653	7.367979	0.779389
24.701331	7.439812	0.084372
24.498551	7.488464	-0.413510
24.397864	7.506609	-0.626210
24.367477	7.507166	-0.662170
24.354638	7.503628	-0.655755
24.367078	7.494335	-0.589169
24.446361	7.471167	-0.371580
24.631184	7.428738	0.068197
24.871537	7.377128	0.619015
25.558447	7.345934	1.599128
26.181157	7.561423	2.108973
26.771337	7.800155	2.572746
27.308458	8.074952	2.964644
27.773994	8.395409	3.264444
28.152554	8.767296	3.457994
28.432962	9.192261	3.537005
28.609051	9.667813	3.498290
28.679962	10.187575	3.342645
28.649837	10.741772	3.073603
28.526926	11.317927	2.696236
28.322230	11.901697	2.216153
28.047888	12.477810	1.638781
27.715589	13.031031	0.968953
27.335227	13.547078	0.210788
26.914034	14.013447	-0.632192
26.456279	14.420074	-1.556775
25.963540	14.759821	-2.559680
25.435475	15.028751	-3.637151
24.870880	15.226209	-4.784595
24.268847	15.354734	-5.996300
23.629786	15.419805	-7.265272
22.956134	15.429489	-8.583193
22.252646	15.393996	-9.940520
21.526257	15.325180	-11.326687
20.790399	15.242839	-12.724522
20.040000	15.140000	-14.140000
