32.180000	14.680000	-11.760000
32.093849	12.775617	-9.179536
32.032072	11.747894	-7.726215
31.984742	11.220399	-6.918005
31.893531	10.495667	-5.702923
31.793346	9.869054	-4.566712
31.619815	8.972767	-2.819642
31.400237	7.980041	-0.773669
31.158085	7.005948	1.342701
30.853035	5.899176	3.870012
30.537460	4.855647	6.368465
30.225909	3.919204	8.728887
30.028352	3.398092	10.144841
30.007320	3.409105	10.159730
29.483126	3.795389	9.750734
29.425492	3.835400	9.673379
28.970081	4.109927	8.642806
28.419168	4.424097	7.294975
27.856915	4.726381	5.824119
27.163687	5.076826	3.899781
26.299559	5.489934	1.386434
25.467369	5.866076	-1.136213
24.616077	6.227251	-3.825579
23.862123	6.523925	-6.311690
23.208836	6.756480	-8.572752
23.144566	6.736181	-8.867303
23.121868	6.745642	-8.867735
23.403405	6.777332	-7.932920
23.980227	6.819615	-6.406037
24.713917	6.865516	-4.616923
25.616433	6.915048	-2.556547
26.696671	6.968063	-0.222383
27.761005	7.015025	1.962666
28.812691	7.056590	4.012884
29.872867	7.093961	5.972851
30.904063	7.126481	7.778861
30.939973	7.136003	7.795020
31.650448	7.515659	7.603073
31.675754	7.544888	7.572305
31.700681	8.374947	6.355280
31.677692	9.830943	4.203291
31.621987	10.779562	2.796782
31.597243	10.818213	2.758493
30.105241	12.148937	2.085068
27.856558	14.143739	1.007573
26.464551	15.392135	0.295569
25.731194	16.064126	-0.122469
24.750322	16.985526	-0.749191
24.736336	17.005456	-0.787649
24.690107	16.967608	-1.806604
24.576090	16.899775	-3.130821
24.405464	16.810780	-4.545713
24.227386	16.725866	-5.669024
24.143486	16.690295	-6.004050
24.005183	16.636318	-6.353099
23.021103	16.262730	-8.381329
21.611937	15.730783	-11.155781
20.040000	15.140000	-14.140000
