32.180000	14.680000	-11.760000
31.963992	13.977682	-10.457749
31.742788	13.312304	-9.233333
31.518453	12.687488	-8.092878
31.293354	12.106527	-7.041112
31.069931	11.573668	-6.084181
30.850439	11.090800	-5.223340
30.636590	10.657319	-4.455175
30.430079	10.275201	-3.781276
30.231441	9.940453	-3.192524
30.041209	9.651195	-2.683986
29.858895	9.401539	-2.244026
29.684550	9.189481	-1.868066
29.517551	9.010549	-1.547567
29.357108	8.860168	-1.274080
29.202192	8.733206	-1.038501
29.053257	8.631080	-0.842449
28.909166	8.548763	-0.677327
28.769400	8.483971	-0.539034
28.633142	8.433341	-0.421970
28.499858	8.394751	-0.322570
28.369378	8.367611	-0.239627
28.241303	8.350464	-0.170744
28.115313	8.342187	-0.114080
27.991742	8.344496	-0.071765
27.870771	8.358645	-0.045233
27.752031	8.383561	-0.032824
27.634640	8.415622	-0.029623
27.519277	8.459103	-0.041034
27.405539	8.512823	-0.065433
27.293146	8.576180	-0.101989
27.181745	8.647969	-0.149153
27.071153	8.728296	-0.207069
26.961704	8.823806	-0.284186
26.852770	8.932761	-0.378518
26.743839	9.061037	-0.498042
26.633805	9.208354	-0.643287
26.520395	9.381768	-0.825622
26.399290	9.587730	-1.058261
26.266219	9.826434	-1.346935
26.109329	10.100167	-1.711442
25.933151	10.386060	-2.119036
25.734678	10.678486	-2.568528
25.515371	10.974953	-3.055394
25.272348	11.275247	-3.584465
25.008003	11.578355	-4.151335
24.723020	11.883585	-4.754722
24.417189	12.190477	-5.394968
24.087466	12.498642	-6.077445
23.730905	12.807220	-6.807381
23.349636	13.115119	-7.581059
22.941922	13.420943	-8.401638
22.511033	13.723638	-9.263421
22.058200	14.021945	-10.164336
21.582397	14.313884	-11.106371
21.085949	14.598223	-12.085535
20.570501	14.873533	-13.099068
20.040000	15.140000	-14.140000
