32.180000	14.680000	-11.760000
32.443992	13.142962	-10.397199
32.702232	11.608631	-9.033543
32.540184	10.272628	-7.606853
32.371272	8.942245	-6.175967
32.201866	7.618109	-4.737056
32.022483	6.462383	-3.080908
31.910490	5.571558	-1.086213
31.860342	4.910254	1.144489
31.809293	4.256159	3.378038
31.756131	3.608121	5.611825
31.699970	2.965381	7.843990
31.639874	2.327323	10.072671
30.629239	2.672289	11.368668
29.428234	3.255589	12.274558
28.072296	4.270329	11.926697
26.836816	5.347331	10.933074
25.947093	6.275932	9.190219
25.234392	7.036954	7.193164
24.951980	7.166848	4.783313
24.670264	7.295047	2.373162
24.438676	7.182270	0.007854
24.206470	7.058151	-2.346250
23.962982	6.868900	-4.610104
23.715681	6.675799	-6.853574
23.320891	6.556942	-8.415361
22.793939	7.044538	-8.160281
22.372641	7.566914	-7.363894
22.447709	7.788450	-5.550920
22.776436	7.829656	-3.484964
23.584766	7.566622	-1.217200
24.396024	7.302484	1.050638
25.436142	7.003293	3.245960
26.492985	6.707010	5.427976
28.065628	6.618917	7.022480
29.640450	6.533819	8.607760
31.271763	6.730403	9.302108
32.539055	7.241567	8.736805
33.450286	7.864577	7.741273
33.100296	8.725787	6.098644
32.741991	9.588688	4.457616
32.377683	10.452898	2.821767
31.037729	11.537043	2.367937
29.526279	12.664576	2.194978
28.014689	13.792065	2.022427
26.515057	14.911057	1.841999
25.584039	15.738223	1.039027
24.663946	16.558722	0.229747
24.624746	16.806331	-0.909563
24.868479	16.797874	-2.152458
25.114460	16.785320	-3.397268
25.362699	16.766200	-4.645305
25.602284	16.737204	-5.899745
25.835352	16.705993	-7.156245
25.231059	16.408360	-8.668608
23.517147	15.987314	-10.487869
21.786898	15.564511	-12.311641
20.040000	15.140000	-14.140000
