36.739000	37.242000	-17.741000
36.901506	37.207474	-17.302365
37.064508	37.174598	-16.864942
37.227985	37.143382	-16.428736
37.391913	37.113836	-15.993754
37.556270	37.085970	-15.560000
37.721031	37.059796	-15.127482
37.886170	37.035325	-14.696206
38.051661	37.012567	-14.266177
38.217476	36.991535	-13.837404
38.383586	36.972241	-13.409893
38.549959	36.954697	-12.983650
38.716565	36.938912	-12.558681
38.883369	36.924897	-12.134992
39.050335	36.912661	-11.712587
39.217427	36.902217	-11.291474
39.384605	36.893579	-10.871659
39.551826	36.886763	-10.453155
39.719044	36.881794	-10.035976
39.886208	36.878695	-9.620136
40.053266	36.877494	-9.205653
40.220157	36.878217	-8.792545
40.386818	36.880886	-8.380823
40.553178	36.885517	-7.970497
40.719164	36.892119	-7.561571
40.884696	36.900689	-7.154041
41.049690	36.911216	-6.747895
41.214058	36.923678	-6.343115
41.377708	36.938041	-5.939676
41.540545	36.954261	-5.537543
41.702472	36.972287	-5.136677
41.863391	36.992057	-4.737032
42.023202	37.013502	-4.338556
42.181805	37.036543	-3.941192
42.339102	37.061099	-3.544881
42.494995	37.087081	-3.149557
42.649391	37.114395	-2.755154
42.802197	37.142946	-2.361601
42.953330	37.172633	-1.968827
43.102707	37.203356	-1.576760
43.250256	37.235012	-1.185329
43.395911	37.267501	-0.794460
43.539618	37.300721	-0.404084
43.681333	37.334575	-0.014130
43.821024	37.368968	0.375466
43.958674	37.403809	0.764769
44.094276	37.439012	1.153838
44.227838	37.474495	1.542730
44.359374	37.510185	1.931495
44.489901	37.545960	2.320209
44.618423	37.581869	2.708847
44.744964	37.617846	3.097452
44.869550	37.653830	3.486068
44.992207	37.689763	3.874734
45.112959	37.725594	4.263483
45.231826	37.761274	4.652350
45.348825	37.796759	5.041364
45.463970	37.832006	5.430554
45.577275	37.866974	5.819947
45.688755	37.901626	6.209568
45.798426	37.935927	6.599440
45.906304	37.969842	6.989588
46.012404	38.003340	7.380030
46.116743	38.036388	7.770789
46.219336	38.068960	8.161882
46.320199	38.101026	8.553327
46.419346	38.132561	8.945142
46.516794	38.163541	9.337343
46.438915	38.035102	9.824504
46.354303	37.913917	10.240498
46.270764	37.796554	10.643270
46.188386	37.683155	11.032621
46.107244	37.573835	11.408416
46.027401	37.468689	11.770575
45.948912	37.367787	12.119076
45.871820	37.271177	12.453948
45.796162	37.178891	12.775246
45.721969	37.090957	13.083029
45.649270	37.007403	13.377345
45.578086	36.928238	13.658272
45.508425	36.853441	13.925981
45.440269	36.782926	14.180808
45.373506	36.716345	14.423861
45.307963	36.653191	14.656701
45.243586	36.593299	14.879859
45.180403	36.536725	15.093213
45.118400	36.483416	15.296961
45.057543	36.433255	15.491491
44.997793	36.386119	15.677205
44.938587	36.340467	15.858605
44.880455	36.297731	16.031549
44.864753	36.348363	16.006848
44.864049	36.430592	15.968655
44.865231	36.516877	15.929109
44.868376	36.607387	15.888162
44.873564	36.702299	15.845768
44.880874	36.801792	15.801879
44.890385	36.906040	15.756447
44.902179	37.015226	15.709423
44.916352	37.129560	15.660749
44.933018	37.249301	15.610351
44.952318	37.374758	15.558143
44.974407	37.506276	15.504025
44.999448	37.644216	15.447895
45.027601	37.788935	15.389652
45.059020	37.940781	15.329202
45.092109	38.096274	15.267625
45.128613	38.259226	15.203750
45.168672	38.429959	15.137493
45.212421	38.608780	15.068774
45.259991	38.795989	14.997518
45.311512	38.991890	14.923649
45.367118	39.196792	14.847091
45.426950	39.411022	14.767766
45.491151	39.634919	14.685592
45.559874	39.868839	14.600483
45.633277	40.113155	14.512352
45.711524	40.368252	14.421107
45.794783	40.634531	14.326656
45.883231	40.912409	14.228902
45.977047	41.202316	14.127748
46.076417	41.504699	14.023095
46.181536	41.820019	13.914838
46.292601	42.148755	13.802874
46.409816	42.491400	13.687095
46.533392	42.848464	13.567393
46.663543	43.220467	13.443657
46.800487	43.607943	13.315777
46.944447	44.011436	13.183640
47.095647	44.431494	13.047137
47.254308	44.868669	12.906157
47.420652	45.323507	12.760593
47.594895	45.796546	12.610344
47.777241	46.288303	12.455315
47.967882	46.799260	12.295419
48.256310	47.539779	12.080137
48.556093	48.307631	11.858826
48.864710	49.097102	11.633036
49.180423	49.904305	11.403866
49.502278	50.727190	11.171965
49.366845	50.089216	11.084405
49.229068	49.448678	10.996024
49.088952	48.805584	10.906825
48.946503	48.159940	10.816810
48.801707	47.511735	10.725974
48.654516	46.860919	10.634302
48.504849	46.207403	10.541764
48.352627	45.551103	10.448334
48.197809	44.891979	10.353998
48.040408	44.230044	10.258761
47.880467	43.565348	10.162637
47.718032	42.897941	10.065644
47.554360	42.229191	9.968219
47.388228	41.557770	9.869937
47.219654	40.883699	9.770803
47.048636	40.206979	9.670818
46.875163	39.527599	9.569979
46.699228	38.845556	9.468282
46.520832	38.160853	9.365730
46.123239	37.935826	9.377827
46.079052	38.018406	9.410551
46.036394	38.102184	9.443076
45.995271	38.187166	9.475401
45.955689	38.273356	9.507524
45.917655	38.360760	9.539444
45.881177	38.449383	9.571161
45.846262	38.539231	9.602672
45.812918	38.630310	9.633977
45.781154	38.722627	9.665074
45.750977	38.816188	9.695962
45.722397	38.911000	9.726639
45.695423	39.007070	9.757104
45.670065	39.104405	9.787355
45.646333	39.203014	9.817391
45.624238	39.302904	9.847210
45.603790	39.404085	9.876810
45.585002	39.506564	9.906190
45.567883	39.610350	9.935348
45.552446	39.715453	9.964281
45.538702	39.821881	9.992989
45.526664	39.929644	10.021469
45.516344	40.038751	10.049720
45.507757	40.149215	10.077739
45.500921	40.261047	10.105523
45.495854	40.374264	10.133070
45.492580	40.488883	10.160377
45.491125	40.604925	10.187439
45.491519	40.722413	10.214252
45.493791	40.841369	10.240812
45.497976	40.961821	10.267115
45.504105	41.083793	10.293155
45.512211	41.207310	10.318927
45.522323	41.332396	10.344429
45.534472	41.459072	10.369655
45.548682	41.587360	10.394601
45.564977	41.717278	10.419264
45.583381	41.848842	10.443641
45.603912	41.982069	10.467728
45.626592	42.116973	10.491523
45.651438	42.253570	10.515022
45.678470	42.391874	10.538222
45.707707	42.531900	10.561121
45.738052	42.672791	10.583868
45.770623	42.815419	10.606310
45.805441	42.959801	10.628444
45.842526	43.105954	10.650266
45.881903	43.253894	10.671772
45.923594	43.403640	10.692960
45.967624	43.555211	10.713825
46.014018	43.708626	10.734363
46.062802	43.863904	10.754569
46.114001	44.021066	10.774441
46.167642	44.180132	10.793973
46.223750	44.341121	10.813161
46.282352	44.504053	10.832001
46.343472	44.668947	10.850488
46.407136	44.835824	10.868619
46.473370	45.004702	10.886390
46.542199	45.175601	10.903794
46.613650	45.348541	10.920829
46.687746	45.523540	10.937490
46.764515	45.700619	10.953773
46.843981	45.879797	10.969672
46.926170	46.061093	10.985183
47.011109	46.244527	11.000302
47.098822	46.430118	11.015024
47.189335	46.617887	11.029344
47.282675	46.807851	11.043258
47.378868	47.000032	11.056760
47.477939	47.194448	11.069846
47.579914	47.391120	11.082511
47.684819	47.590066	11.094750
47.792681	47.791306	11.106558
47.903526	47.994860	11.117929
48.017378	48.200748	11.128859
48.134266	48.408988	11.139343
48.254215	48.619602	11.149375
48.377251	48.832607	11.158950
48.503400	49.048024	11.168062
48.632688	49.265871	11.176706
48.765143	49.486170	11.184878
48.900789	49.708938	11.192570
49.039654	49.934196	11.199778
49.181762	50.161963	11.206496
49.327142	50.392258	11.212719
49.477485	50.626387	11.218185
49.326983	50.364585	11.233117
49.187708	50.016194	11.332609
49.049676	49.667025	11.433366
48.912890	49.317076	11.535391
48.777353	48.966347	11.638687
48.643067	48.614835	11.743256
48.510035	48.262540	11.849100
48.378261	47.909460	11.956223
48.247746	47.555593	12.064626
48.117862	47.201333	12.173669
47.989239	46.846285	12.283993
47.862508	46.490058	12.396239
47.737041	46.133043	12.509768
47.612844	45.775237	12.624586
47.489931	45.416630	12.740707
47.368321	45.057212	12.858150
47.248038	44.696968	12.976939
47.129101	44.335886	13.097093
47.011528	43.973955	13.218629
46.895328	43.611171	13.341557
46.780502	43.247532	13.465878
46.667045	42.883041	13.591585
46.554270	42.518126	13.717985
46.442856	42.152366	13.845762
46.332790	41.785768	13.974905
46.224058	41.418341	14.105398
46.116648	41.050093	14.237230
46.010550	40.681031	14.370391
45.905760	40.311157	14.504873
45.802275	39.940473	14.640677
45.700097	39.568979	14.777802
45.599228	39.196673	14.916251
45.499669	38.823555	15.056024
45.401422	38.449625	15.197123
45.304487	38.074883	15.339547
45.208862	37.699329	15.483294
45.114549	37.322964	15.628365
45.021546	36.945789	15.774758
44.929853	36.567803	15.922473
44.839472	36.189008	16.071511
45.613588	35.910345	16.195167
46.389181	35.632540	16.317779
47.166263	35.355601	16.439339
47.944093	35.079097	16.560371
48.723424	34.803467	16.680342
49.504261	34.528713	16.799247
50.286590	34.254827	16.917096
51.070382	33.981794	17.033911
51.855645	33.709617	17.149684
52.642456	33.438342	17.264361
53.430883	33.168009	17.377893
54.220915	32.898611	17.490288
55.012506	32.630122	17.601578
55.805624	32.362524	17.711785
56.600252	32.095808	17.820920
57.396381	31.829969	17.928989
58.194000	31.565000	18.036000
