18.842000	-15.130000	25.863000
18.729630	-15.117826	25.032324
18.626254	-15.090393	24.213940
18.531857	-15.047865	23.407796
18.446433	-14.990409	22.613854
18.369986	-14.918194	21.832087
18.302523	-14.831393	21.062479
18.244058	-14.730181	20.305021
18.194612	-14.614738	19.559715
18.154208	-14.485246	18.826572
18.122878	-14.341890	18.105611
18.100654	-14.184856	17.396859
18.087574	-14.014336	16.700346
18.083672	-13.830532	16.016103
18.088974	-13.633659	15.344154
18.103503	-13.423947	14.684517
18.127267	-13.201640	14.037196
18.160272	-12.967000	13.402190
18.202517	-12.720292	12.779496
18.254002	-12.461793	12.169110
18.314731	-12.191776	11.571042
18.384718	-11.910517	10.985311
18.463986	-11.618293	10.411957
18.552568	-11.315384	9.851035
18.650510	-11.002080	9.302618
18.757862	-10.678687	8.766796
18.874679	-10.345538	8.243666
19.001012	-10.002996	7.733333
19.136910	-9.651467	7.235900
19.282408	-9.291408	6.751466
19.437524	-8.923330	6.280122
19.597453	-8.551379	5.815344
19.767006	-8.171967	5.363738
19.946174	-7.785701	4.925374
20.134923	-7.393257	4.500313
20.333192	-6.995384	4.088597
20.540893	-6.592911	3.690254
20.757903	-6.186752	3.305302
20.984064	-5.777915	2.933741
21.219177	-5.367507	2.575566
21.462995	-4.956752	2.230758
21.715213	-4.546999	1.899289
21.975456	-4.139743	1.581121
22.243261	-3.736645	1.276198
22.518057	-3.339553	0.984445
22.799130	-2.950522	0.705749
23.085581	-2.571834	0.439948
23.376278	-2.206005	0.186792
23.669773	-1.855789	-0.054092
23.962636	-1.535706	-0.278149
24.253920	-1.227178	-0.497092
24.540325	-0.943172	-0.706482
24.818020	-0.686207	-0.907881
25.082588	-0.457701	-1.103248
25.330499	-0.255718	-1.294883
25.560046	-0.075094	-1.484788
25.759512	0.083929	-1.673315
25.928607	0.235860	-1.857826
26.082175	0.391062	-2.037106
26.225567	0.553849	-2.209570
26.363933	0.727436	-2.373851
26.501853	0.914107	-2.528797
26.643308	1.115396	-2.673489
26.791746	1.332226	-2.807246
26.950129	1.565021	-2.929616
27.120957	1.813776	-3.040351
27.306212	2.078064	-3.139355
27.507169	2.356971	-3.226609
27.724060	2.648942	-3.302070
27.955679	2.951616	-3.365562
28.199063	3.261738	-3.416671
28.449541	3.575310	-3.454742
28.701399	3.888109	-3.479142
28.948960	4.196396	-3.489601
29.187481	4.497377	-3.486326
29.413510	4.789269	-3.469827
29.632598	5.076287	-3.446866
29.836727	5.353111	-3.411288
30.024313	5.619182	-3.363678
30.194747	5.874486	-3.304489
30.348072	6.119295	-3.233985
30.484708	6.354002	-3.152276
30.605272	6.579029	-3.059392
30.710482	6.794791	-2.955319
30.801090	7.001672	-2.840031
30.877851	7.200020	-2.713498
30.941470	7.390127	-2.575668
30.992551	7.572199	-2.426422
31.031527	7.746313	-2.265504
31.058635	7.912396	-2.092474
31.073966	8.070252	-1.906733
31.077592	8.219638	-1.707618
31.069683	8.360326	-1.494500
31.050522	8.492118	-1.266802
31.020466	8.614817	-1.023956
30.979906	8.728190	-0.765357
30.929260	8.831963	-0.490352
30.868993	8.925823	-0.198242
30.799638	9.009419	0.111711
30.721815	9.082374	0.440272
30.636260	9.144281	0.788222
30.543836	9.194715	1.156346
30.445556	9.233236	1.545412
30.342598	9.259416	1.956126
30.236320	9.272879	2.389047
30.128264	9.273365	2.844471
30.020152	9.260827	3.322258
29.913842	9.235521	3.821675
29.811266	9.198063	4.341295
29.718434	9.144533	4.886477
29.634588	9.081905	5.445050
29.561246	9.011607	6.013682
29.493527	8.937895	6.586356
29.444820	8.858279	7.160708
29.400150	8.792929	7.670095
29.344507	8.731796	8.147166
29.278166	8.671543	8.598439
29.201761	8.609784	9.027849
29.116167	8.544695	9.437988
29.022426	8.474808	9.830723
28.921691	8.398910	10.207502
28.815198	8.315926	10.569402
28.704275	8.224677	10.916954
28.590367	8.123865	11.250127
28.474993	8.012471	11.568799
28.359602	7.890140	11.873187
28.245443	7.757114	12.163800
28.133516	7.613927	12.441153
28.022923	7.465810	12.711989
27.915380	7.308135	12.969959
27.811546	7.141480	13.215261
27.711907	6.966321	13.447823
27.616824	6.783024	13.667352
27.526571	6.591892	13.873443
27.441350	6.393204	14.065649
27.361302	6.187225	14.243518
27.286516	5.974203	14.406604
27.217037	5.754370	14.554478
27.152871	5.527935	14.686732
27.093994	5.295088	14.802985
27.040358	5.055996	14.902892
26.991893	4.810809	14.986147
26.948509	4.559663	15.052500
26.910099	4.302680	15.101759
26.876540	4.039973	15.133783
26.847711	3.771627	15.148440
26.823509	3.497683	15.145518
26.803881	3.218097	15.124606
26.788835	2.932724	15.085017
26.778422	2.641331	15.025826
26.772690	2.343653	14.946017
26.771634	2.039438	14.844646
26.775179	1.728467	14.720875
26.783185	1.410545	14.573935
26.795445	1.085498	14.403074
26.811668	0.753188	14.207583
26.831448	0.413556	13.986849
26.854219	0.066674	13.740457
26.879214	-0.287186	13.468310
26.905405	-0.647469	13.170787
26.931452	-1.013241	12.848910
26.955660	-1.383092	12.504527
26.975949	-1.755050	12.140479
26.984653	-2.123699	11.757157
26.982055	-2.485167	11.369826
26.966870	-2.836717	10.984436
26.938722	-3.176473	10.605927
26.897851	-3.503308	10.238007
26.844822	-3.816625	9.883297
26.785879	-4.123082	9.535730
26.715467	-4.415699	9.203321
26.634313	-4.694325	8.887501
26.543128	-4.958947	8.589194
26.442570	-5.209591	8.309042
26.333267	-5.446311	8.047516
26.215854	-5.669199	7.804962
26.091001	-5.878398	7.581615
25.959422	-6.074107	7.377620
25.821875	-6.256576	7.193042
25.679171	-6.426109	7.027873
25.532172	-6.583064	6.882038
25.381798	-6.727857	6.755397
25.229021	-6.860964	6.647742
25.074872	-6.982921	6.558802
24.920432	-7.094327	6.488241
24.766831	-7.195839	6.435655
24.615243	-7.288174	6.400584
24.466873	-7.372097	6.382506
24.322953	-7.448424	6.380847
24.184731	-7.518007	6.394991
24.053462	-7.581729	6.424278
23.930397	-7.640495	6.468023
23.816779	-7.695224	6.525516
23.713830	-7.746840	6.596038
23.622752	-7.796260	6.678865
23.544719	-7.844397	6.773277
23.480878	-7.892144	6.878563
23.432348	-7.940377	6.994031
23.400218	-7.989948	7.119006
23.385555	-8.041686	7.252836
23.389400	-8.096393	7.394890
23.412771	-8.154847	7.544563
23.456666	-8.217799	7.701265
23.522060	-8.285973	7.864428
23.609901	-8.360070	8.033495
23.721106	-8.440757	8.207916
23.856546	-8.528676	8.387146
24.017040	-8.624432	8.570637
24.203338	-8.728593	8.757832
24.416103	-8.841687	8.948159
24.655898	-8.964194	9.141025
24.923166	-9.096547	9.335814
25.218217	-9.239123	9.531879
25.541213	-9.392246	9.728541
25.892157	-9.556179	9.925083
26.270882	-9.731128	10.120754
26.677048	-9.917240	10.314764
27.110127	-10.114598	10.506289
27.569405	-10.323228	10.694473
28.053972	-10.543090	10.878436
28.562722	-10.774082	11.057284
29.104610	-11.021338	11.226410
29.666104	-11.279038	11.387670
30.245305	-11.546854	11.540134
30.840150	-11.824401	11.682910
31.448422	-12.111215	11.815202
32.062835	-12.402536	11.942068
32.688345	-12.702594	12.057749
33.322531	-13.010791	12.161661
33.962884	-13.326442	12.253394
34.606882	-13.648805	12.332697
35.252083	-13.977131	12.399440
35.896192	-14.310709	12.453547
36.537090	-14.648898	12.494956
37.172819	-14.991113	12.523613
37.801543	-15.336813	12.539485
38.421529	-15.685480	12.542578
39.031139	-16.036612	12.532944
39.628833	-16.389725	12.510677
40.213171	-16.744353	12.475916
40.782820	-17.100048	12.428839
41.336557	-17.456383	12.369659
41.854537	-17.812481	12.287393
42.353162	-18.167807	12.194249
42.831911	-18.522084	12.090593
43.290348	-18.875060	11.976797
43.728128	-19.226510	11.853241
44.145028	-19.576234	11.720319
44.540956	-19.924067	11.578444
44.915936	-20.269868	11.428043
45.270065	-20.613521	11.269535
45.603448	-20.954926	11.103322
45.916180	-21.293991	10.929773
46.208363	-21.630642	10.749237
46.480167	-21.964819	10.562062
46.731851	-22.296487	10.368604
46.963744	-22.625628	10.169223
47.176180	-22.952230	9.964278
47.369437	-23.276280	9.754107
47.543714	-23.597761	9.539033
47.699137	-23.916648	9.319368
47.835796	-24.232918	9.095423
47.953770	-24.546550	8.867522
48.062421	-24.858860	8.637726
48.152469	-25.168516	8.404310
48.224011	-25.475509	8.167627
48.277160	-25.779836	7.928050
48.312045	-26.081505	7.685977
48.328800	-26.380530	7.441827
48.327552	-26.676929	7.196040
48.308414	-26.970731	6.949078
48.271490	-27.261967	6.701426
48.216868	-27.550677	6.453596
48.007871	-27.651786	6.788518
47.805329	-27.735707	7.125359
47.605998	-27.811014	7.463079
47.413060	-27.869049	7.802397
47.226460	-27.909730	8.142985
47.046154	-27.932981	8.484509
46.872107	-27.938730	8.826630
46.704295	-27.926911	9.168996
46.542704	-27.897468	9.511250
46.387330	-27.850349	9.853021
46.238180	-27.785516	10.193929
46.095272	-27.702940	10.533580
45.958633	-27.602609	10.871564
45.828304	-27.484526	11.207460
45.704330	-27.348716	11.540828
45.586771	-27.195227	11.871215
45.475692	-27.024138	12.198150
45.371166	-26.835563	12.521149
45.273273	-26.629654	12.839710
45.182095	-26.406611	13.153320
45.097720	-26.166682	13.461453
45.020235	-25.910172	13.763574
44.949727	-25.637447	14.059138
44.886281	-25.348935	14.347598
44.829977	-25.045131	14.628402
44.780891	-24.726602	14.901000
44.739091	-24.393982	15.164847
44.704634	-24.047978	15.419404
44.677569	-23.689365	15.664141
44.657933	-23.318987	15.898546
44.645750	-22.937756	16.122120
44.641029	-22.546644	16.334387
44.643765	-22.146681	16.534893
44.653937	-21.738953	16.723212
44.671506	-21.324592	16.898945
44.716892	-20.903375	17.020250
44.768506	-20.485361	17.127539
44.826103	-20.071687	17.220864
44.889428	-19.663449	17.300307
44.958216	-19.261697	17.365987
45.032192	-18.867435	17.418052
45.111075	-18.481616	17.456677
45.194578	-18.105141	17.482067
45.282408	-17.738862	17.494449
45.374270	-17.383576	17.494073
45.469864	-17.040030	17.481210
45.568894	-16.708917	17.456146
45.671059	-16.390879	17.419183
45.776063	-16.086511	17.370639
45.883611	-15.796354	17.310838
45.993411	-15.520904	17.240117
46.105176	-15.260608	17.158820
46.218622	-15.015864	17.067295
46.333475	-14.787023	16.965897
46.449463	-14.574389	16.854985
46.566324	-14.378219	16.734919
46.683805	-14.198730	16.606059
46.801658	-14.036099	16.468765
46.919644	-13.890477	16.323390
47.037533	-13.761993	16.170280
47.155097	-13.650769	16.009771
47.272115	-13.556925	15.842184
47.388369	-13.480594	15.667831
47.503640	-13.421927	15.487005
47.617710	-13.381097	15.299990
47.730356	-13.358301	15.107057
47.841353	-13.353761	14.908471
47.950467	-13.367719	14.704491
48.057461	-13.400434	14.495376
48.162088	-13.452170	14.281390
48.264096	-13.523196	14.062801
48.363224	-13.613771	13.839888
48.459206	-13.724146	13.612942
48.553547	-13.844480	13.384054
48.644469	-13.984849	13.151434
48.731696	-14.145473	12.915393
48.814946	-14.326548	12.676258
48.893931	-14.528244	12.434371
48.968359	-14.750697	12.190091
49.037936	-14.994015	11.943790
49.102361	-15.258269	11.695856
49.161334	-15.543500	11.446690
49.214551	-15.849716	11.196705
49.261709	-16.176893	10.946325
49.302501	-16.524977	10.695984
49.336622	-16.893883	10.446124
49.363768	-17.283497	10.197194
49.383634	-17.693673	9.949649
49.395920	-18.124236	9.703953
49.400326	-18.574983	9.460569
49.396557	-19.045679	9.219969
49.384320	-19.536059	8.982625
49.363329	-20.045830	8.749012
49.333301	-20.574669	8.519605
49.293960	-21.122224	8.294881
49.245038	-21.688114	8.075315
49.186273	-22.271932	7.861382
49.117411	-22.873242	7.653552
49.038206	-23.491580	7.452295
48.948424	-24.126459	7.258076
48.847838	-24.777364	7.071355
48.736233	-25.443757	6.892586
48.613405	-26.125076	6.722216
48.479162	-26.820736	6.560688
48.333324	-27.530133	6.408435
47.690403	-27.292480	7.019063
47.136155	-27.042229	7.482811
46.603204	-26.790029	7.916889
46.091360	-26.536125	8.322923
45.600551	-26.280719	8.702242
45.130784	-26.023984	9.055954
44.682094	-25.766073	9.385040
44.254504	-25.507130	9.690419
43.847998	-25.247293	9.972991
43.462513	-24.986698	10.233665
43.097946	-24.725483	10.473357
42.754160	-24.463789	10.692989
42.431002	-24.201764	10.893481
42.128306	-23.939558	11.075743
41.845910	-23.677332	11.240673
41.583648	-23.415254	11.389155
41.341360	-23.153500	11.522055
41.118890	-22.892257	11.640229
40.916088	-22.631726	11.744519
40.732812	-22.372121	11.835758
40.568936	-22.113674	11.914772
40.424349	-21.856639	11.982379
40.298962	-21.601294	12.039399
40.192695	-21.347943	12.086654
40.105479	-21.096922	12.124982
40.037231	-20.848598	12.155242
39.987847	-20.603370	12.178323
39.957180	-20.361672	12.195151
39.945025	-20.123970	12.206696
39.951108	-19.890762	12.213967
39.975075	-19.662579	12.218015
40.016486	-19.439980	12.219923
40.074819	-19.223554	12.220800
40.141470	-19.010364	12.221442
40.224453	-18.803955	12.222177
40.323118	-18.604952	12.224137
40.436731	-18.414007	12.228455
40.564485	-18.231790	12.236258
40.705503	-18.058991	12.248647
40.858847	-17.896313	12.266689
41.023523	-17.744469	12.291398
41.198493	-17.604181	12.323730
41.382677	-17.476169	12.364565
41.585862	-17.405520	12.446098
41.789656	-17.350253	12.537718
41.993129	-17.310535	12.639142
42.195362	-17.286504	12.750025
42.395444	-17.278265	12.869960
42.592480	-17.285880	12.998476
42.785585	-17.309359	13.135035
42.973894	-17.348654	13.279033
43.156564	-17.403655	13.429803
43.332778	-17.474177	13.586612
43.501753	-17.559964	13.748671
43.662744	-17.660682	13.915137
43.815054	-17.775917	14.085116
43.958029	-17.905178	14.257676
44.091074	-18.047900	14.431846
44.213649	-18.203440	14.606629
44.325278	-18.371088	14.781006
44.431321	-18.544603	14.954924
44.525986	-18.729466	15.127406
44.608891	-18.924867	15.297413
44.679719	-19.129937	15.463897
44.738222	-19.343751	15.625811
44.784219	-19.565335	15.782112
44.817596	-19.793669	15.931765
44.838312	-20.027696	16.073750
44.846389	-20.266318	16.207059
44.841921	-20.508405	16.330700
44.825073	-20.752790	16.443692
44.796085	-20.998265	16.545068
44.755298	-21.243574	16.633880
44.703207	-21.487426	16.709273
44.640651	-21.728589	16.770775
44.546667	-21.940930	16.766408
44.447434	-22.146278	16.748420
44.342396	-22.343013	16.714285
44.231970	-22.530486	16.663589
44.116871	-22.708317	16.596520
43.997871	-22.876167	16.513355
43.875733	-23.033675	16.414322
43.751206	-23.180453	16.299587
43.625021	-23.316090	16.169257
43.498188	-23.446052	16.031150
43.370417	-23.564450	15.877520
43.242418	-23.670850	15.708405
43.114885	-23.764810	15.523807
42.988501	-23.845888	15.323706
42.863931	-23.913652	15.108071
42.741824	-23.967694	14.876873
42.622813	-24.007634	14.630097
42.507515	-24.033132	14.367758
42.396530	-24.043889	14.089900
42.290446	-24.039654	13.796608
42.189839	-24.020215	13.488003
42.095280	-23.985396	13.164237
42.007344	-23.935045	12.825490
41.926607	-23.869027	12.471956
41.853651	-23.787222	12.103848
41.789056	-23.689542	11.721406
41.733385	-23.575947	11.324919
41.738199	-23.381401	10.865093
41.756588	-23.172403	10.395308
41.791357	-22.946671	9.914286
41.843608	-22.703896	9.422165
41.913881	-22.444389	8.919510
42.002562	-22.168620	8.406987
42.110023	-21.877065	7.885256
42.236656	-21.570170	7.354940
42.382861	-21.248363	6.816642
42.549020	-20.912071	6.270950
42.735481	-20.561743	5.718451
42.942542	-20.197852	5.159735
43.170454	-19.820897	4.595393
43.419420	-19.431401	4.026015
43.689602	-19.029902	3.452187
43.981128	-18.616947	2.874485
44.294097	-18.193088	2.293477
44.628580	-17.758880	1.709716
44.984624	-17.314879	1.123744
45.362253	-16.861638	0.536087
45.761471	-16.399709	-0.052740
46.171481	-15.933575	-0.642026
46.603064	-15.459304	-1.231977
47.056193	-14.977445	-1.822101
47.530819	-14.488544	-2.411917
48.026872	-13.993144	-3.000957
48.544267	-13.491784	-3.588767
49.082902	-12.984998	-4.174906
49.642656	-12.473315	-4.758946
50.223397	-11.957258	-5.340472
50.824978	-11.437347	-5.919081
51.447237	-10.914092	-6.494383
52.090000	-10.388000	-7.066000
