43.888000	10.862000	-6.231000
44.548449	12.268928	-5.607482
45.195520	13.616488	-5.013517
45.835560	14.934248	-4.434465
46.460844	16.192206	-3.885510
47.069948	17.389997	-3.367203
47.661330	18.527252	-2.880164
48.233212	19.603358	-2.425228
48.770467	20.584670	-2.021639
49.280882	21.501211	-1.654368
49.748437	22.324726	-1.341063
50.187371	23.091693	-1.061687
50.598346	23.806508	-0.814317
50.969419	24.452749	-0.610501
51.315362	25.059180	-0.432911
51.637132	25.629299	-0.279852
51.935644	26.166311	-0.149752
52.211763	26.673145	-0.041167
52.466300	27.152476	0.047238
52.700011	27.606742	0.116687
52.913595	28.038171	0.168306
53.107697	28.448796	0.203132
53.282911	28.840475	0.222122
53.439787	29.214912	0.226163
53.578835	29.573668	0.216080
53.700526	29.918176	0.192642
53.813651	30.255903	0.162711
53.909861	30.580725	0.120154
53.989562	30.893896	0.065658
54.053111	31.196557	-0.000145
54.100793	31.489742	-0.076683
54.132807	31.774376	-0.163452
54.149243	32.051281	-0.260021
54.150071	32.321190	-0.366031
54.135150	32.584757	-0.481183
54.104247	32.842588	-0.605215
54.057072	33.095263	-0.737874
53.993309	33.343357	-0.878892
53.912629	33.587449	-1.027968
53.814700	33.828117	-1.184773
53.699170	34.065930	-1.348943
53.565667	34.301442	-1.520094
53.413795	34.535182	-1.697812
53.243136	34.767653	-1.881658
53.053260	34.999329	-2.071165
52.843719	35.230654	-2.265835
52.614051	35.462041	-2.465144
52.363770	35.693873	-2.668548
52.092355	35.926509	-2.875489
51.799239	36.160291	-3.085407
51.483793	36.395561	-3.297747
51.145301	36.632687	-3.511973
50.782947	36.872099	-3.727578
50.395779	37.114331	-3.944097
49.982687	37.360094	-4.161120
49.542370	37.610348	-4.378304
49.073308	37.866416	-4.595383
48.573754	38.130114	-4.812180
48.041763	38.403914	-5.028615
47.457546	38.701657	-5.244642
46.838137	39.032685	-5.460248
46.216216	39.372551	-5.675508
45.598282	39.726242	-5.889649
45.084830	40.036940	-6.069309
44.679636	40.269197	-6.200172
44.337745	40.451121	-6.298934
44.038075	40.596208	-6.373428
43.769079	40.712055	-6.427950
43.523506	40.803537	-6.465187
43.296365	40.874032	-6.486943
43.084024	40.925953	-6.494437
42.883735	40.961055	-6.488485
42.693341	40.980649	-6.469637
42.511073	40.985723	-6.438231
42.335432	40.976926	-6.394330
42.165075	40.954490	-6.337595
41.998653	40.918146	-6.267130
41.833848	40.874715	-6.189496
41.671510	40.816690	-6.096722
41.509863	40.742880	-5.986731
41.346290	40.651161	-5.856129
41.176069	40.537577	-5.698842
40.988944	40.393654	-5.502204
40.759214	40.198554	-5.235595
40.485685	39.972725	-4.930812
40.201167	39.749604	-4.636533
39.907844	39.529347	-4.355096
39.607862	39.311949	-4.088482
39.303334	39.097268	-3.838350
38.996331	38.885059	-3.606048
38.688865	38.674988	-3.392603
38.382870	38.466648	-3.198710
38.080179	38.259578	-3.024722
37.782518	38.053267	-2.870655
37.491502	37.847167	-2.736202
37.208635	37.640694	-2.620747
36.935305	37.433232	-2.523363
36.672762	37.224144	-2.442801
36.422090	37.012774	-2.377463
36.184167	36.798463	-2.325376
35.959616	36.580561	-2.284185
35.748772	36.358448	-2.251166
35.551651	36.131546	-2.223265
35.367937	35.899340	-2.197162
35.196985	35.661390	-2.169361
35.037837	35.417348	-2.136294
34.889251	35.166966	-2.094440
34.749758	34.910110	-2.040471
34.617721	34.646770	-1.971411
34.491419	34.377068	-1.884789
34.369113	34.101244	-1.778704
34.249101	33.819628	-1.651773
34.129731	33.532606	-1.502994
34.009392	33.240586	-1.331593
33.886484	32.944001	-1.136970
33.759401	32.643325	-0.918730
33.626518	32.339118	-0.676826
33.486216	32.032100	-0.411821
33.341805	31.723879	-0.135503
33.188391	31.413730	0.162714
33.024470	31.102765	0.480739
32.842021	30.796618	0.813503
32.652851	30.494549	1.144948
32.454905	30.207386	1.452552
32.259347	29.931301	1.733661
32.073784	29.670617	1.974718
31.897781	29.419691	2.189801
31.739100	29.183002	2.367791
31.593560	28.955594	2.522641
31.462014	28.737333	2.655625
31.345193	28.528076	2.768142
31.243715	28.327669	2.861709
31.158075	28.135932	2.937946
31.088648	27.952662	2.998571
31.035699	27.777627	3.045372
30.999430	27.610589	3.080192
30.980030	27.451312	3.104914
30.977697	27.299571	3.121465
30.992638	27.155145	3.131834
31.025025	27.017791	3.138100
31.074932	26.887216	3.142443
31.142282	26.763051	3.147145
31.226801	26.644839	3.154557
31.327997	26.532018	3.167057
31.445151	26.423932	3.186993
31.577330	26.319830	3.216607
31.723398	26.218882	3.257976
31.876103	26.119295	3.305716
32.041424	26.021976	3.367125
32.217959	25.925993	3.443924
32.407672	25.829716	3.546681
32.603410	25.731462	3.668119
32.803020	25.629774	3.808719
33.004112	25.523157	3.967999
33.204194	25.410256	4.144178
33.400166	25.289254	4.334502
33.588431	25.157976	4.535125
33.766676	25.015610	4.741019
33.934325	24.862869	4.947237
34.091520	24.700821	5.149887
34.238572	24.530437	5.346003
34.375817	24.352540	5.533269
34.503607	24.167856	5.709815
34.622329	23.977067	5.874096
34.732425	23.780853	6.024821
34.834395	23.579900	6.160913
34.928803	23.374921	6.281486
35.016275	23.166649	6.385830
35.097506	22.955852	6.473414
35.173259	22.743322	6.543888
35.244367	22.529885	6.597093
35.311732	22.316395	6.633066
35.376332	22.103735	6.652054
35.439219	21.892817	6.654517
35.501519	21.684581	6.641131
35.564433	21.479995	6.612787
35.629220	21.280037	6.570590
35.695263	21.082639	6.521770
35.764471	20.890849	6.460364
35.838157	20.705632	6.387791
35.917637	20.527915	6.305673
36.008540	20.363204	6.213428
36.103803	20.203151	6.118795
36.208263	20.052663	6.020406
36.322790	19.912154	5.920282
36.448094	19.781898	5.820386
36.584732	19.662048	5.722553
36.733138	19.552673	5.628447
36.893643	19.453783	5.539555
37.066503	19.365351	5.457204
37.251925	19.287328	5.382593
37.450097	19.219670	5.316833
37.661202	19.162345	5.260970
37.885426	19.115332	5.216008
38.122929	19.078606	5.182897
38.373819	19.052108	5.162533
38.638133	19.035730	5.155743
38.915835	19.029324	5.163295
39.206844	19.032714	5.185913
39.511048	19.045721	5.224295
39.828309	19.068168	5.279118
40.158451	19.099874	5.351025
40.501233	19.140647	5.440608
40.856327	19.190271	5.548392
41.223295	19.248505	5.674808
41.601560	19.315086	5.820191
41.990381	19.389723	5.984748
42.388804	19.472106	6.168542
42.795598	19.561901	6.371449
43.209159	19.658749	6.593109
43.627386	19.762270	6.832853
43.952528	19.834660	7.001714
44.270354	19.892605	7.157289
44.581469	19.935703	7.300665
44.886382	19.963612	7.432803
45.185515	19.976041	7.554557
45.479220	19.972750	7.666684
45.767795	19.953544	7.769860
46.051491	19.918260	7.864684
46.330508	19.866742	7.951683
46.605002	19.798792	8.031303
46.875074	19.714130	8.103903
47.140775	19.612374	8.169762
47.402111	19.493048	8.229091
47.659057	19.355615	8.282048
47.911570	19.199515	8.328764
48.159594	19.024199	8.369359
48.403073	18.829137	8.403948
48.641943	18.613808	8.432647
48.878491	18.388217	8.458429
49.110361	18.141839	8.478434
49.337476	17.874141	8.492771
49.559744	17.584551	8.501543
49.777058	17.272441	8.504838
49.989283	16.937103	8.502731
50.196266	16.577756	8.495281
50.397834	16.193560	8.482540
50.593801	15.783639	8.464557
50.783971	15.347101	8.441387
50.968143	14.883055	8.413090
51.146107	14.390613	8.379737
51.317651	13.868890	8.341401
51.482552	13.317001	8.298167
51.640581	12.734059	8.250118
51.791498	12.119174	8.197345
51.935057	11.471453	8.139941
52.071000	10.790000	8.078000
