43.888000	10.862000	-6.231000
44.508165	12.741838	-5.433819
45.119335	14.535644	-4.675953
45.718359	16.240021	-3.959262
46.300125	17.840733	-3.290815
46.860005	19.330389	-2.674772
47.394188	20.705650	-2.113529
47.899132	21.963394	-1.609433
48.371641	23.101762	-1.164309
48.811494	24.128270	-0.775277
49.220001	25.053464	-0.437750
49.597883	25.884515	-0.148707
49.945640	26.626921	0.094118
50.264685	27.288039	0.294064
50.558121	27.879120	0.456649
50.827002	28.405061	0.584120
51.073727	28.873788	0.680449
51.302929	29.298418	0.752538
51.513789	29.678139	0.799670
51.708448	30.019557	0.825205
51.887644	30.325967	0.830633
52.053642	30.604131	0.819428
52.205302	30.853498	0.790757
52.343883	31.078531	0.746773
52.470531	31.283131	0.689378
52.589975	31.476014	0.624084
52.698413	31.651854	0.546993
52.799005	31.816370	0.461752
52.890980	31.969591	0.367921
52.974255	32.112499	0.265760
53.044968	32.242802	0.152289
53.107233	32.366689	0.031857
53.160909	32.485189	-0.095296
53.204674	32.598894	-0.229761
53.239504	32.709314	-0.370491
53.261199	32.817093	-0.519746
53.267658	32.924010	-0.678195
53.256224	33.032638	-0.846576
53.231740	33.144110	-1.021688
53.186772	33.264141	-1.206031
53.125179	33.393683	-1.397008
53.044884	33.537362	-1.594248
52.943504	33.700569	-1.797197
52.825520	33.880962	-2.003822
52.690390	34.080142	-2.213490
52.534413	34.301782	-2.426194
52.357110	34.543843	-2.641675
52.153479	34.804683	-2.860515
51.928806	35.073647	-3.082208
51.680909	35.340211	-3.307187
51.424172	35.603583	-3.533378
51.144841	35.862324	-3.762056
50.846196	36.122164	-3.992155
50.522476	36.387073	-4.223685
50.164899	36.662903	-4.456675
49.774427	36.952773	-4.690668
49.346678	37.261488	-4.925413
48.883477	37.590392	-5.160533
48.375257	37.947232	-5.395719
47.827427	38.330660	-5.630497
47.233036	38.747671	-5.864097
46.604652	39.190840	-6.096222
45.937419	39.666195	-6.325614
45.235251	40.174284	-6.550480
44.507325	40.712502	-6.768139
43.778713	41.267831	-6.973439
43.069959	41.821904	-7.167092
42.405947	42.360203	-7.343197
41.817877	42.859270	-7.496508
41.322914	43.300263	-7.625740
40.970598	43.637095	-7.720986
40.831950	43.787640	-7.765881
40.835995	43.792672	-7.772705
40.844061	43.792637	-7.777917
40.850499	43.529074	-7.571885
40.841160	43.266757	-7.358240
40.819890	43.005530	-7.139200
40.781065	42.746024	-6.912558
40.729031	42.487930	-6.680596
40.664271	42.231283	-6.443869
40.587265	41.976102	-6.202944
40.492435	41.723128	-5.956420
40.381210	41.472266	-5.705566
40.252222	41.223771	-5.451173
40.106334	40.977600	-5.195141
39.947894	40.733211	-4.940023
39.776996	40.490625	-4.688200
39.604768	40.248233	-4.436795
39.415621	40.008330	-4.195338
39.217987	39.769687	-3.965226
39.013650	39.532008	-3.749625
38.807135	39.294589	-3.545637
38.601382	39.056816	-3.364569
38.398953	38.818230	-3.205116
38.201748	38.578442	-3.067979
38.008970	38.337651	-2.945000
37.821935	38.095553	-2.838096
37.640501	37.852163	-2.745227
37.464674	37.607455	-2.665314
37.294618	37.361355	-2.597875
37.130541	37.113760	-2.542577
36.974221	36.864131	-2.502130
36.824851	36.612426	-2.473476
36.687634	36.352992	-2.451860
36.551615	36.092571	-2.430207
36.424770	35.820251	-2.395290
36.297496	35.542753	-2.344186
36.167991	35.261379	-2.276724
36.036442	34.977585	-2.197606
35.900219	34.689962	-2.096861
35.757871	34.399339	-1.973750
35.610875	34.106964	-1.835214
35.458895	33.813062	-1.681172
35.301931	33.517831	-1.512195
35.136581	33.220644	-1.318863
34.962867	32.921681	-1.101693
34.779738	32.620895	-0.858100
34.588207	32.318599	-0.591167
34.388211	32.014889	-0.300900
34.180500	31.709989	0.010504
33.964322	31.403937	0.344925
33.737272	31.096710	0.708602
33.500281	30.788790	1.098713
33.253700	30.480741	1.513967
33.050610	30.212272	1.873039
32.882471	29.965220	2.178501
32.742303	29.733932	2.442079
32.625695	29.515002	2.671396
32.530351	29.306592	2.870786
32.455114	29.107689	3.042829
32.394617	28.915575	3.195311
32.351778	28.731446	3.324893
32.321786	28.553009	3.438310
32.306943	28.381168	3.533361
32.306264	28.215428	3.611818
32.315112	28.053767	3.679433
32.335980	27.897230	3.733971
32.366143	27.744648	3.778769
32.408802	27.597387	3.811272
32.460948	27.454175	3.834928
32.524174	27.315717	3.849179
32.599716	27.182586	3.854171
32.684232	27.053367	3.853156
32.785619	26.931661	3.844208
32.902440	26.816960	3.830636
33.038647	26.711448	3.818225
33.187327	26.612191	3.812579
33.342372	26.516179	3.811317
33.507090	26.425166	3.817890
33.680286	26.339147	3.842592
33.856122	26.255402	3.887072
34.032127	26.172723	3.952001
34.207020	26.090119	4.030923
34.379500	26.007088	4.128718
34.550752	25.923746	4.234430
34.719680	25.839736	4.353685
34.883518	25.753690	4.493221
35.043211	25.665757	4.645972
35.197391	25.574933	4.811371
35.343144	25.479153	4.989642
35.473832	25.373128	5.175751
35.595296	25.260044	5.358540
35.704569	25.137242	5.533107
35.806050	25.007824	5.698494
35.899497	24.871255	5.851296
35.984170	24.726516	5.987012
36.062586	24.575646	6.107748
36.136743	24.420370	6.216232
36.205986	24.259803	6.308773
36.272371	24.095942	6.390201
36.336137	23.928855	6.459735
36.397119	23.758048	6.514264
36.455499	23.583238	6.550598
36.513114	23.406457	6.575379
36.570723	23.229661	6.600077
36.627779	23.050890	6.612119
36.685487	22.870250	6.606329
36.744355	22.688799	6.588482
36.806692	22.507572	6.555349
36.874462	22.327881	6.507644
36.949088	22.150905	6.447780
37.038224	21.981357	6.375931
37.128579	21.812485	6.303506
37.235738	21.653461	6.227691
37.357772	21.503775	6.154234
37.493861	21.363175	6.085355
37.632479	21.224228	6.017463
37.783605	21.093534	5.955154
37.946920	20.971075	5.900038
38.121446	20.856323	5.852755
38.304458	20.747469	5.812017
38.496184	20.644739	5.778619
38.696817	20.548323	5.753239
38.905952	20.457975	5.735906
39.125522	20.375127	5.728928
39.354062	20.298759	5.731137
39.594031	20.230692	5.745462
39.845102	20.170730	5.771882
40.106573	20.118398	5.809935
40.378687	20.073921	5.860238
40.663971	20.039236	5.926192
40.964091	20.015673	6.010340
41.275811	20.000880	6.109116
41.600569	19.996063	6.224908
41.939574	20.002313	6.359987
42.292084	20.019250	6.514058
42.660323	20.048980	6.691317
43.041910	20.089965	6.889300
43.435373	20.141530	7.107041
43.842586	20.206666	7.350449
44.168595	20.259670	7.553213
44.464493	20.296983	7.723735
44.744272	20.318871	7.869250
45.015538	20.327028	7.996688
45.281136	20.322944	8.110202
45.541531	20.304809	8.209554
45.797329	20.271595	8.295391
46.050014	20.226109	8.371544
46.300513	20.170502	8.440646
46.548074	20.100105	8.500207
46.793962	20.020164	8.554372
47.038066	19.929330	8.602888
47.280099	19.825211	8.645048
47.520655	19.711050	8.682923
47.759304	19.583598	8.715515
47.995663	19.439892	8.742128
48.229646	19.279145	8.762979
48.461532	19.103359	8.779183
48.690460	18.906469	8.789284
48.916414	18.688634	8.793778
49.139276	18.449396	8.792939
49.359106	18.189590	8.787317
49.575120	17.904377	8.776115
49.787622	17.596286	8.760175
49.996684	17.266254	8.739923
50.201702	16.910893	8.714899
50.402306	16.528374	8.684957
50.597914	16.115653	8.649727
50.790552	15.685191	8.611459
50.977178	15.219286	8.567255
51.157520	14.717039	8.517138
51.330956	14.175654	8.460825
51.496758	13.591974	8.397989
51.654385	12.964081	8.328501
51.803246	12.290006	8.252226
51.942419	11.566318	8.168821
52.071000	10.790000	8.078000
