18.842000	-15.130000	25.863000
18.940244	-14.897085	25.481870
19.038471	-14.664946	25.104718
19.136666	-14.433609	24.731560
19.234814	-14.203100	24.362413
19.332900	-13.973447	23.997292
19.430907	-13.744676	23.636215
19.528822	-13.516816	23.279195
19.626629	-13.289893	22.926249
19.724311	-13.063936	22.577392
19.821855	-12.838974	22.232637
19.919244	-12.615034	21.891999
20.016463	-12.392147	21.555492
20.113496	-12.170340	21.223128
20.210327	-11.949644	20.894920
20.306942	-11.730089	20.570880
20.403323	-11.511704	20.251021
20.499457	-11.294520	19.935351
20.595463	-11.077944	19.621780
20.691204	-10.862599	19.312410
20.786667	-10.648515	19.007251
20.881834	-10.435724	18.706312
20.976690	-10.224256	18.409603
21.071221	-10.014142	18.117131
21.165410	-9.805414	17.828904
21.259243	-9.598103	17.544928
21.352703	-9.392240	17.265209
21.445776	-9.187858	16.989751
21.538446	-8.984987	16.718560
21.630699	-8.783660	16.451638
21.722520	-8.583909	16.188987
21.813893	-8.385765	15.930610
21.904805	-8.189261	15.676506
21.995241	-7.994427	15.426676
22.085187	-7.801296	15.181117
22.174628	-7.609900	14.939828
22.263552	-7.420271	14.702806
22.351943	-7.232440	14.470046
22.439790	-7.046439	14.241543
22.527077	-6.862300	14.017291
22.613793	-6.680054	13.797284
22.699925	-6.499733	13.581514
22.785460	-6.321370	13.369972
22.870385	-6.144995	13.162650
22.954688	-5.970641	12.959539
23.038357	-5.798342	12.760629
23.121380	-5.628129	12.565909
23.203745	-5.460036	12.375371
23.285441	-5.294097	12.189002
23.366454	-5.130346	12.006794
23.446775	-4.968819	11.828737
23.526391	-4.809553	11.654819
23.605290	-4.652582	11.485033
23.683462	-4.497946	11.319367
23.760895	-4.345681	11.157811
23.837578	-4.195826	11.000357
23.913501	-4.048421	10.846992
23.988652	-3.903503	10.697706
24.063022	-3.761111	10.552486
24.136601	-3.621282	10.411316
24.209380	-3.484054	10.274182
24.281352	-3.349462	10.141063
24.352510	-3.217539	10.011938
24.422432	-3.089687	9.888744
24.491526	-2.964588	9.769456
24.559789	-2.842262	9.654035
24.627221	-2.722727	9.542439
24.693392	-2.607459	9.436540
24.758673	-2.495240	9.334594
24.823017	-2.386261	9.236761
24.886414	-2.280582	9.143033
24.948879	-2.178190	9.053303
25.010423	-2.079079	8.967477
25.071053	-1.983264	8.885491
25.130773	-1.890768	8.807288
25.189591	-1.801598	8.732805
25.247522	-1.715741	8.661956
25.304587	-1.633158	8.594635
25.360810	-1.553785	8.530714
25.416224	-1.477542	8.470050
25.470862	-1.404333	8.412493
25.524758	-1.334058	8.357888
25.577949	-1.266614	8.306087
25.630466	-1.201901	8.256949
25.682342	-1.139828	8.210342
25.733604	-1.080307	8.166147
25.784280	-1.023264	8.124255
25.834392	-0.968628	8.084570
25.883962	-0.916340	8.047004
25.933010	-0.866346	8.011481
25.981553	-0.818597	7.977930
26.029608	-0.773050	7.946288
26.077189	-0.729667	7.916496
26.124311	-0.688409	7.888499
26.170987	-0.649245	7.862248
26.217230	-0.612141	7.837693
26.263052	-0.577066	7.814789
26.308465	-0.543993	7.793494
26.353482	-0.512892	7.773764
26.398112	-0.483735	7.755559
26.442367	-0.456497	7.738841
26.486258	-0.431151	7.723572
26.529795	-0.407672	7.709715
26.572989	-0.386036	7.697235
26.615849	-0.366221	7.686099
26.658385	-0.348206	7.676276
26.700607	-0.331971	7.667735
26.742522	-0.317498	7.660447
26.784140	-0.304772	7.654386
26.825468	-0.293778	7.649527
26.866515	-0.284505	7.645846
26.907289	-0.276940	7.643321
26.947795	-0.271076	7.641931
26.988043	-0.266905	7.641657
27.028037	-0.264420	7.642480
27.067826	-0.263338	7.644208
27.107426	-0.263564	7.646770
27.146805	-0.265345	7.650314
27.185958	-0.268763	7.654879
27.224888	-0.273849	7.660472
27.263597	-0.280617	7.667085
27.302093	-0.289077	7.674711
27.340380	-0.299242	7.683342
27.378465	-0.311129	7.692971
27.416352	-0.324758	7.703595
27.454048	-0.340152	7.715210
27.491558	-0.357340	7.727815
27.528888	-0.376351	7.741409
27.566044	-0.397221	7.755993
27.603033	-0.419985	7.771568
27.639862	-0.444684	7.788133
27.676540	-0.471357	7.805691
27.713074	-0.500048	7.824242
27.749475	-0.530803	7.843786
27.785753	-0.563670	7.864323
27.821919	-0.598698	7.885852
27.857987	-0.635942	7.908375
27.893970	-0.675457	7.931889
27.929884	-0.717305	7.956394
27.965745	-0.761547	7.981890
28.001572	-0.808254	8.008373
28.037386	-0.857496	8.035843
28.073208	-0.909351	8.064298
28.109065	-0.963903	8.093735
28.144983	-1.021240	8.124152
28.180993	-1.081458	8.155545
28.217128	-1.144659	8.187911
28.253427	-1.210953	8.221244
28.289931	-1.280458	8.255540
28.326548	-1.351600	8.290316
28.363579	-1.427847	8.326522
28.401198	-1.509636	8.364128
28.439634	-1.597475	8.403088
28.479200	-1.691924	8.443316
28.519713	-1.791053	8.484320
28.562009	-1.897507	8.526327
28.604984	-2.006451	8.568624
28.650265	-2.122840	8.611632
28.697324	-2.244028	8.654940
28.746277	-2.369750	8.698429
28.797201	-2.499669	8.741993
28.849124	-2.631593	8.785569
28.903064	-2.767332	8.829123
28.959046	-2.906488	8.872571
29.017067	-3.048666	8.915849
29.077120	-3.193517	8.958910
29.139203	-3.340764	9.001722
29.203330	-3.490202	9.044269
29.269527	-3.641683	9.086539
29.337827	-3.795095	9.128527
29.408268	-3.950349	9.170232
29.480889	-4.107370	9.211655
29.555728	-4.266092	9.252800
29.632825	-4.426455	9.293672
29.712217	-4.588407	9.334279
29.793944	-4.751899	9.374630
29.878041	-4.916887	9.414733
29.964545	-5.083327	9.454600
30.053490	-5.251179	9.494241
30.144910	-5.420405	9.533670
30.238837	-5.590967	9.572900
30.335302	-5.762828	9.611943
30.434333	-5.935954	9.650815
30.535959	-6.110311	9.689530
30.640205	-6.285864	9.728103
30.747097	-6.462582	9.766550
30.856658	-6.640432	9.804886
30.968911	-6.819383	9.843129
31.083875	-6.999406	9.881293
31.201570	-7.180470	9.919397
31.322015	-7.362546	9.957457
31.445226	-7.545608	9.995489
31.571219	-7.729626	10.033512
31.700009	-7.914575	10.071541
31.831609	-8.100429	10.109594
31.966034	-8.287164	10.147688
32.103294	-8.474754	10.185841
32.243402	-8.663176	10.224068
32.386367	-8.852408	10.262388
32.532200	-9.042428	10.300816
32.680911	-9.233215	10.339370
32.832509	-9.424749	10.378066
32.987003	-9.617011	10.416920
33.144401	-9.809982	10.455949
33.304713	-10.003643	10.495169
33.467945	-10.197979	10.534596
33.634106	-10.392973	10.574245
33.803205	-10.588609	10.614133
33.975250	-10.784873	10.654274
34.150248	-10.981750	10.694684
34.328208	-11.179228	10.735377
34.509139	-11.377293	10.776369
34.693048	-11.575935	10.817674
34.879945	-11.775140	10.859307
35.069837	-11.974900	10.901281
35.262735	-12.175202	10.943612
35.458646	-12.376040	10.986312
35.657581	-12.577402	11.029396
35.859548	-12.779281	11.072876
36.064557	-12.981669	11.116767
36.272619	-13.184559	11.161082
36.483742	-13.387945	11.205832
36.697938	-13.591819	11.251032
36.915216	-13.796176	11.296692
37.135588	-14.001011	11.342827
37.359064	-14.206319	11.389448
37.585656	-14.412096	11.436567
37.815374	-14.618338	11.484195
38.048230	-14.825041	11.532344
38.284237	-15.032203	11.581027
38.523406	-15.239821	11.630252
38.765751	-15.447892	11.680033
39.011282	-15.656416	11.730379
39.260015	-15.865391	11.781301
39.511961	-16.074816	11.832809
39.767134	-16.284691	11.884913
40.025549	-16.495016	11.937624
40.287220	-16.705791	11.990951
40.552160	-16.917017	12.044903
40.820385	-17.128696	12.099490
41.091910	-17.340828	12.154721
41.366751	-17.553416	12.210604
41.662104	-17.847498	12.119908
41.899269	-18.168229	11.944437
42.132769	-18.486278	11.771485
42.362506	-18.801315	11.601492
42.417359	-18.893840	11.660782
42.471361	-18.985023	11.721184
42.524519	-19.074845	11.782662
42.576839	-19.163282	11.845179
42.628330	-19.250311	11.908692
42.679000	-19.335907	11.973154
42.729262	-19.420779	12.038079
42.778712	-19.504191	12.103902
42.827360	-19.586116	12.170570
42.875217	-19.666524	12.238026
42.922296	-19.745384	12.306207
42.968607	-19.822665	12.375046
43.014164	-19.898332	12.444471
43.058981	-19.972351	12.514407
43.103073	-20.044681	12.584770
43.146453	-20.115284	12.655475
43.189137	-20.184114	12.726428
43.231140	-20.251125	12.797530
43.272476	-20.316264	12.868675
43.313162	-20.379478	12.939753
43.353211	-20.440707	13.010644
43.392640	-20.499890	13.081225
43.431463	-20.556968	13.151365
43.469698	-20.611879	13.220932
43.507089	-20.663424	13.289335
43.543946	-20.712664	13.356766
43.580290	-20.759576	13.423101
43.616143	-20.804151	13.488229
43.651527	-20.846391	13.552045
43.686260	-20.885168	13.613699
43.720591	-20.921686	13.673804
43.754542	-20.955989	13.732307
43.788132	-20.988123	13.789158
43.821381	-21.018142	13.844321
43.854306	-21.046099	13.897762
43.886923	-21.072048	13.949456
43.919247	-21.096046	13.999382
43.951291	-21.118147	14.047523
43.983067	-21.138405	14.093868
44.014586	-21.156874	14.138408
44.045856	-21.173606	14.181135
44.076886	-21.188651	14.222046
44.107683	-21.202057	14.261140
44.138365	-21.214656	14.299325
44.168819	-21.225662	14.335692
44.199052	-21.235123	14.370241
44.229067	-21.243083	14.402975
44.258867	-21.249582	14.433899
44.288456	-21.254664	14.463016
44.317835	-21.258367	14.490333
44.347005	-21.260730	14.515859
44.375966	-21.261790	14.539603
44.404720	-21.261585	14.561577
44.433264	-21.260152	14.581794
44.461600	-21.257526	14.600270
44.489726	-21.253744	14.617022
44.517640	-21.248839	14.632066
44.545341	-21.242844	14.645419
44.572826	-21.235787	14.657091
44.600091	-21.227692	14.667088
44.627131	-21.218577	14.675409
44.653938	-21.208458	14.682048
44.680506	-21.197346	14.686993
44.706826	-21.185253	14.690233
44.732890	-21.172193	14.691759
44.758689	-21.158181	14.691567
44.784214	-21.143234	14.689654
44.809455	-21.127372	14.686019
44.834401	-21.110614	14.680663
44.859042	-21.092978	14.673582
44.883362	-21.074482	14.664772
44.907349	-21.055142	14.654225
44.930985	-21.034974	14.641933
44.954253	-21.013995	14.627885
44.977135	-20.992223	14.612074
44.999610	-20.969675	14.594492
45.021658	-20.946374	14.575136
45.043255	-20.922342	14.554003
45.064380	-20.897604	14.531098
45.085008	-20.872188	14.506424
45.105112	-20.846123	14.479993
45.124667	-20.819441	14.451815
45.143643	-20.792176	14.421909
45.162013	-20.764363	14.390293
45.179745	-20.736039	14.356992
45.196807	-20.707244	14.322031
45.213166	-20.678017	14.285442
45.228788	-20.648401	14.247260
45.243637	-20.618439	14.207523
45.257678	-20.588176	14.166273
45.270872	-20.557657	14.123558
45.282711	-20.526862	14.078768
45.293083	-20.495937	14.032093
45.302422	-20.465000	13.984275
45.310693	-20.434097	13.935393
45.317292	-20.403351	13.885110
45.322732	-20.372776	13.834028
45.326985	-20.342412	13.782239
45.330027	-20.312296	13.729835
45.331834	-20.282463	13.676907
45.332383	-20.252946	13.623548
45.331654	-20.223774	13.569845
45.330281	-20.194781	13.515993
45.327608	-20.166160	13.461885
45.323618	-20.137935	13.407609
45.318290	-20.110127	13.353247
45.311609	-20.082755	13.298882
45.303558	-20.055835	13.244591
45.294121	-20.029378	13.190450
45.283283	-20.003393	13.136530
45.271030	-19.977887	13.082901
45.257351	-19.952864	13.029629
45.242232	-19.928325	12.976777
45.225663	-19.904266	12.924403
45.207634	-19.880685	12.872565
45.188136	-19.857575	12.821316
45.167161	-19.834925	12.770709
45.144702	-19.812725	12.720790
45.120752	-19.790961	12.671606
45.095308	-19.769617	12.623201
45.068365	-19.748677	12.575614
45.039920	-19.728120	12.528885
45.009971	-19.707925	12.483050
44.978517	-19.688070	12.438142
44.945558	-19.668530	12.394194
44.911095	-19.649280	12.351237
44.875128	-19.630292	12.309297
44.837659	-19.611539	12.268403
44.798692	-19.592990	12.228578
44.758230	-19.574615	12.189846
44.716276	-19.556383	12.152229
44.672835	-19.538260	12.115748
44.627912	-19.520215	12.080421
44.581512	-19.502212	12.046268
44.533641	-19.484218	12.013305
44.484305	-19.466196	11.981549
44.433510	-19.448111	11.951015
44.381264	-19.429926	11.921717
44.327572	-19.411605	11.893670
44.272442	-19.393110	11.866887
44.215173	-19.374269	11.842027
44.156490	-19.355139	11.818466
44.096400	-19.335682	11.796217
44.034913	-19.315858	11.775289
43.972037	-19.295628	11.755693
43.907782	-19.274953	11.737439
43.842156	-19.253792	11.720536
43.775169	-19.232105	11.704993
43.706831	-19.209853	11.690820
43.637153	-19.186994	11.678025
43.566145	-19.163488	11.666616
43.493818	-19.139295	11.656602
43.420184	-19.114373	11.647989
43.345253	-19.088682	11.640787
43.269038	-19.062180	11.635000
43.191552	-19.034826	11.630637
43.112808	-19.006580	11.627703
43.033437	-18.977877	11.625485
42.952821	-18.948239	11.624703
42.870973	-18.917627	11.625362
42.787907	-18.885998	11.627468
42.703638	-18.853311	11.631025
42.618181	-18.819525	11.636038
42.531550	-18.784599	11.642512
42.443762	-18.748491	11.650450
42.354833	-18.711161	11.659856
42.264779	-18.672569	11.670732
42.151243	-18.529012	11.745903
42.037488	-18.382446	11.822570
41.923514	-18.232438	11.900923
41.809387	-18.079320	11.980769
41.695200	-17.924756	12.061300
41.580929	-17.767292	12.143183
41.567832	-17.726577	12.220161
41.643762	-17.788071	12.237998
41.720038	-17.849000	12.254147
41.796646	-17.909339	12.268608
41.873570	-17.969066	12.281383
41.950797	-18.028158	12.292472
42.028315	-18.086595	12.301877
42.106111	-18.144361	12.309600
42.184174	-18.201440	12.315646
42.262496	-18.257817	12.320017
42.341066	-18.313478	12.322714
42.419878	-18.368406	12.323727
42.498927	-18.422580	12.323040
42.578210	-18.475977	12.320629
42.657721	-18.528576	12.316468
42.737459	-18.580359	12.310541
42.817417	-18.631314	12.302844
42.897590	-18.681439	12.293388
42.977970	-18.730737	12.282198
43.058548	-18.779213	12.269301
43.139318	-18.826871	12.254720
43.220273	-18.873712	12.238473
43.301408	-18.919733	12.220569
43.382718	-18.964929	12.201012
43.464113	-19.009711	12.180631
43.545679	-19.053662	12.158600
43.627410	-19.096775	12.134923
43.709302	-19.139045	12.109601
43.791349	-19.180465	12.082640
43.873547	-19.221031	12.054044
43.955891	-19.260739	12.023820
44.038376	-19.299584	11.991973
44.120997	-19.337562	11.958508
44.203750	-19.374667	11.923431
44.288171	-19.397877	11.864009
44.386320	-19.344666	11.681188
44.485081	-19.289006	11.494685
44.584472	-19.230849	11.304438
44.684512	-19.170146	11.110382
44.785222	-19.106842	10.912445
44.886624	-19.040881	10.710554
44.988740	-18.972205	10.504631
45.091592	-18.900758	10.294604
45.195203	-18.826485	10.080400
45.299596	-18.749329	9.861949
45.404795	-18.669231	9.639170
45.510829	-18.586118	9.411971
45.617731	-18.499907	9.180243
45.725536	-18.410504	8.943860
45.834285	-18.317805	8.702685
45.943516	-18.223434	8.459081
46.053732	-18.125662	8.210548
46.164974	-18.024387	7.956952
46.277283	-17.919511	7.698166
46.390700	-17.810946	7.434082
46.505261	-17.698620	7.164614
46.621000	-17.582472	6.889700
46.737952	-17.462454	6.609293
46.856148	-17.338525	6.323356
46.975623	-17.210642	6.031859
47.096412	-17.078766	5.734772
47.218554	-16.942852	5.432066
47.342089	-16.802860	5.123712
47.467056	-16.658747	4.809686
47.593497	-16.510477	4.489972
47.721452	-16.358018	4.164562
47.850962	-16.201346	3.833462
47.982067	-16.040443	3.496684
48.114805	-15.875295	3.154254
48.249215	-15.705896	2.806205
48.385334	-15.532245	2.452579
48.523202	-15.354343	2.093422
48.662854	-15.172197	1.728790
48.804328	-14.985817	1.358743
48.947660	-14.795217	0.983348
49.092887	-14.600416	0.602678
49.240045	-14.401435	0.216810
49.389167	-14.198299	-0.174171
49.540288	-13.991039	-0.570176
49.694482	-13.777669	-0.973500
49.850772	-13.560288	-1.381546
50.010272	-13.336994	-1.796421
50.171953	-13.109837	-2.215670
50.335842	-12.878873	-2.639169
50.501962	-12.644162	-3.066789
50.669204	-12.407593	-3.496437
50.838701	-12.167338	-3.930078
51.010476	-11.923462	-4.367578
51.184548	-11.676030	-4.808804
51.360938	-11.425111	-5.253619
51.539662	-11.170775	-5.701886
51.720738	-10.913095	-6.153465
51.904180	-10.652145	-6.608216
52.090000	-10.388000	-7.066000
