32.180000	14.680000	-11.760000
32.390237	13.146546	-10.432782
32.425618	11.691307	-9.059792
32.370099	10.347387	-7.548227
32.297379	9.073374	-5.940000
32.213355	7.901570	-4.193554
32.130434	6.806987	-2.356648
32.046855	5.824295	-0.415290
31.952146	4.951263	1.589665
31.830678	4.199895	3.629002
31.690297	3.524906	5.684880
31.473003	3.041135	7.721597
31.134113	2.712884	9.612508
30.255940	3.032929	10.754511
29.252258	3.541476	11.522005
28.125125	4.406008	11.108664
27.088679	5.291270	10.141569
26.307038	6.025632	8.479047
25.654489	6.624771	6.586298
25.236485	6.932634	4.349402
24.848284	7.200756	2.071402
24.578683	7.276912	-0.347676
24.346932	7.164245	-2.744262
24.056798	6.966507	-4.864967
23.677350	6.831672	-6.481490
23.269153	6.808723	-7.639565
22.901717	7.122079	-7.351863
22.660720	7.426091	-6.593044
22.896784	7.504001	-4.899751
23.348423	7.477091	-2.995875
23.987089	7.368671	-0.981391
24.837743	7.202371	1.062687
25.914785	7.026895	3.015067
27.077401	6.875321	4.865130
28.413501	6.800587	6.422576
29.768943	6.763418	7.844711
31.135167	6.933072	8.522272
32.135789	7.414593	8.041938
32.811792	8.011319	7.196265
32.640054	8.819799	5.879464
32.339196	9.659028	4.583519
31.816903	10.551144	3.401236
30.665970	11.594737	2.781416
29.392518	12.667998	2.276519
28.121316	13.694806	1.872278
27.035415	14.629129	1.329209
26.121343	15.470880	0.675873
25.347648	16.227739	-0.051638
25.213040	16.577421	-1.090408
25.214600	16.824113	-2.198981
25.320781	16.953007	-3.372537
25.420105	16.917265	-4.634827
25.301676	16.757792	-5.992653
25.053792	16.565018	-7.391005
24.437032	16.292055	-8.900346
23.208935	15.926174	-10.582796
21.747047	15.539018	-12.328865
20.040000	15.140000	-14.140000
