32.180000	14.680000	-11.760000
34.704000	13.348000	-9.630000
35.622400	10.304800	-9.147000
34.658240	9.792480	-6.264700
31.635824	9.653248	-6.884470
31.597582	6.721325	-7.870447
32.309758	4.892132	-5.175045
30.322976	3.183213	-2.949504
29.510298	4.026321	0.275050
31.155030	3.330632	3.203505
30.499503	2.721063	6.444350
33.315950	1.984106	8.262435
34.211595	0.558411	11.196244
32.605160	2.047841	13.815624
29.562516	1.750784	15.277562
27.392252	4.325078	15.203756
24.697225	5.154508	13.264376
24.475723	8.071451	11.388438
22.859572	8.923145	8.472844
24.235957	10.338315	5.563284
24.205596	10.719831	1.980328
25.780560	9.515983	-0.903967
25.632056	9.377598	-4.398397
24.723206	6.813760	-6.305840
25.592321	6.473376	-9.484584
23.687232	4.289338	-10.704458
21.012723	5.912934	-10.162446
21.727272	9.027293	-10.222245
20.822727	10.356729	-7.202224
21.620273	10.697673	-3.820222
20.656027	8.619767	-1.126022
21.137603	7.643977	2.277398
23.107760	5.420398	4.239740
24.562776	4.712040	7.379974
27.650278	5.583204	8.637997
29.513028	4.686320	11.319800
31.359303	7.076632	12.493980
34.677930	7.171663	11.617398
36.545793	7.211166	8.839740
34.894579	8.471117	6.249974
35.305458	8.815112	2.736997
34.364546	10.983511	0.295700
31.380455	10.308351	-0.590430
29.654045	11.232835	2.032957
27.707405	14.047284	2.885296
25.604740	15.762728	4.898530
23.152474	16.940273	2.919853
21.689247	16.616027	-0.016015
22.540925	19.285603	-1.421601
25.604092	18.926560	-1.254160
25.612409	16.170656	-2.667416
24.339241	17.101066	-5.334742
26.243924	19.466107	-5.957474
28.896392	17.726611	-6.113747
28.067639	15.098661	-7.845375
25.334764	15.269866	-9.910537
23.353476	15.968987	-12.821054
20.040000	15.140000	-14.140000
