32.180000	14.680000	-11.760000
33.780272	12.913886	-10.121862
34.379637	11.200280	-8.700919
33.767111	9.952149	-7.530794
32.641102	8.666135	-7.045629
31.974429	6.916510	-6.414500
31.472651	5.273437	-4.794684
30.767409	4.187927	-2.470096
30.487607	3.710415	0.305886
30.852368	3.226208	3.196385
31.555589	2.614937	5.967906
32.560407	1.962291	8.510764
32.777398	1.610982	10.992393
31.657756	1.934560	13.063926
29.633552	2.724736	14.199807
27.470340	4.107354	14.090467
25.644276	5.710294	12.839603
24.507473	7.437131	10.834313
23.960063	8.801694	8.246117
24.146650	9.722994	5.292239
24.619058	9.948391	2.147873
25.144204	9.491897	-0.941751
25.250696	8.601954	-3.857008
25.031344	7.358407	-6.408288
24.529570	6.344861	-8.527870
23.373583	5.940613	-9.678414
22.179595	6.834460	-9.754108
21.595845	8.402442	-8.811962
21.300157	9.481781	-6.677853
21.232648	9.530560	-3.909090
21.279372	8.613179	-1.013887
21.928218	7.343040	1.815625
23.294253	6.099930	4.392680
25.148569	5.448457	6.783324
27.349320	5.396444	8.823885
29.527662	5.717544	10.503735
31.752217	6.474934	11.176836
33.851661	7.060494	10.432227
35.020949	7.615801	8.486079
35.087470	8.375860	5.934618
34.634252	9.251316	3.322921
33.441340	10.160116	1.486645
31.588849	10.885602	1.046182
29.625152	12.075721	1.851883
27.617560	13.771472	2.820147
25.589915	15.321748	3.156250
23.849259	16.451336	2.166652
23.051148	17.331452	0.547116
23.520456	18.080541	-0.770880
24.550581	17.967990	-1.806207
25.086205	17.484960	-3.141639
25.511652	17.665970	-4.613023
26.517190	17.887270	-5.707946
27.328316	17.161007	-6.745722
26.833030	16.129492	-8.253556
25.135265	15.664972	-10.208510
22.798201	15.482695	-12.287887
20.040000	15.140000	-14.140000
