32.180000	14.680000	-11.760000
34.394561	13.063582	-9.904114
35.217125	10.724318	-8.788500
34.258461	9.893148	-6.848286
32.125159	9.173798	-6.998855
31.777691	6.852049	-7.225876
31.859311	4.959214	-5.156386
30.493988	3.638097	-2.770658
29.956595	3.814985	0.250468
30.838678	3.313432	3.241764
31.060520	2.689058	6.204184
33.025832	1.884329	8.425933
33.702433	1.052521	11.152016
32.281455	1.825655	13.584591
29.669009	2.218665	14.948283
27.338342	4.098962	14.820399
25.121914	5.477154	13.210676
24.315353	7.751256	11.193819
23.361787	8.967621	8.439206
24.070917	10.142866	5.444218
24.453357	10.415922	2.083243
25.497881	9.640538	-0.983134
25.471195	8.980547	-4.136213
24.993755	7.139144	-6.477727
25.123209	6.226407	-9.138655
23.513841	4.955408	-10.342021
21.584270	6.261029	-10.188564
21.535009	8.744173	-9.667087
21.083508	10.112356	-7.063451
21.354667	10.237143	-3.918351
20.893050	8.740196	-1.026909
21.435998	7.452197	2.043494
23.073783	5.681850	4.399577
24.839748	5.017729	7.077941
27.469067	5.340556	8.836019
29.498021	5.221157	11.056307
31.608794	6.739448	12.066229
34.416927	7.124040	11.214676
35.892792	7.416090	8.807072
35.159439	8.353745	6.090128
35.080585	9.098705	2.923041
33.975245	10.527315	0.638815
31.549455	10.549547	0.074784
29.637960	11.598843	1.820294
27.673120	13.895974	3.022863
25.546567	15.627956	4.188445
23.345854	16.679827	2.659388
22.157412	17.088905	0.239746
22.976995	18.783725	-1.115809
25.101822	18.457170	-1.508356
25.339254	16.783648	-2.910793
24.881939	17.408683	-4.995643
26.423206	18.759453	-5.839457
28.273683	17.491319	-6.385099
27.640891	15.576681	-7.953562
25.396646	15.419575	-10.062374
23.124090	15.715258	-12.556905
20.040000	15.140000	-14.140000
