32.180000	14.680000	-11.760000
33.887558	12.914555	-10.097286
34.522250	11.142420	-8.680332
33.838091	9.949550	-7.444665
32.586744	8.724810	-7.049696
31.949956	6.910718	-6.527924
31.503543	5.213226	-4.875973
30.723733	4.112054	-2.524554
30.411581	3.709402	0.290154
30.816012	3.241009	3.207728
31.507975	2.623596	5.996139
32.639725	1.934397	8.513565
32.930678	1.532804	11.031210
31.768149	1.885101	13.163488
29.654973	2.653804	14.338966
27.437986	4.082368	14.222425
25.565960	5.689861	12.925465
24.444734	7.476694	10.901844
23.872584	8.847466	8.288777
24.112491	9.800083	5.316643
24.606511	10.027588	2.143123
25.191839	9.540216	-0.958496
25.288264	8.648853	-3.897417
25.056640	7.336817	-6.448993
24.609624	6.287574	-8.633921
23.387360	5.789616	-9.799044
22.107382	6.744346	-9.863922
21.563307	8.449222	-8.951297
21.272405	9.596185	-6.755138
21.226485	9.645893	-3.925464
21.214445	8.656677	-1.009334
21.845515	7.347812	1.844892
23.238686	6.034724	4.411009
25.104818	5.378462	6.823103
27.352892	5.356945	8.855737
29.521492	5.660429	10.609630
31.755369	6.495566	11.336425
33.951554	7.067265	10.573231
35.151961	7.591888	8.559591
35.142142	8.362412	5.951834
34.716615	9.243503	3.245423
33.522125	10.189278	1.331206
31.602149	10.835612	0.893883
29.629958	12.011005	1.824112
27.623000	13.783563	2.879747
25.566445	15.370495	3.311609
23.750034	16.482046	2.249486
22.902404	17.335248	0.514382
23.442985	18.181198	-0.810549
24.609527	18.024376	-1.771526
25.109137	17.404345	-3.118976
25.438379	17.646853	-4.658374
26.523285	17.999913	-5.721598
27.473974	17.207432	-6.693653
26.974174	16.063341	-8.200054
25.208597	15.627185	-10.189407
22.850843	15.502748	-12.316295
20.040000	15.140000	-14.140000
