32.180000	14.680000	-11.760000
32.140829	13.635111	-9.892980
32.101659	12.590222	-8.025960
32.062488	11.545333	-6.158940
32.023317	10.500444	-4.291919
31.984146	9.455556	-2.424899
31.944975	8.410667	-0.557879
31.905804	7.365779	1.309142
31.866633	6.320890	3.176162
31.827462	5.276002	5.043183
31.788291	4.231114	6.910204
31.749120	3.186225	8.777224
31.709949	2.141337	10.644245
30.589108	2.529411	12.244845
29.769508	2.988683	10.822722
29.115606	3.248251	9.034265
28.505626	3.454217	7.148771
27.899949	3.654910	5.253773
27.294526	3.855292	3.358217
26.689119	4.055654	1.462623
26.083720	4.256006	-0.432987
25.478322	4.456357	-2.328601
24.872925	4.656707	-4.224216
24.267527	4.857057	-6.119830
23.662130	5.057408	-8.015444
23.552209	5.213400	-8.636260
24.013179	5.355131	-7.654825
24.677586	5.490042	-6.112073
25.473205	5.607291	-4.281521
26.269155	5.724454	-2.450484
27.065110	5.841615	-0.619439
27.861065	5.958776	1.211607
28.657020	6.075937	3.042652
29.452976	6.193097	4.873698
30.248931	6.310258	6.704744
31.044887	6.427419	8.535790
31.840842	6.544580	10.366837
33.033245	7.142551	9.003370
33.320435	7.851957	7.161256
33.571947	8.564102	5.309584
33.168104	9.428608	3.995353
31.680728	10.556985	3.558819
30.102875	11.710029	3.192615
28.513625	12.866190	2.835262
26.921697	14.023083	2.479987
25.329512	15.180045	2.124912
23.737251	16.337029	1.769896
23.274555	17.504477	0.375591
23.583150	18.734866	-0.819777
24.496223	17.816964	-1.855716
24.811071	17.579154	-3.333479
25.593612	18.022130	-4.601910
25.172991	17.588503	-6.049582
24.254574	17.108419	-7.637353
23.203747	16.616561	-9.262226
22.149980	16.124446	-10.887923
21.095130	15.632235	-12.513922
20.040000	15.140000	-14.140000
