32.180000	14.680000	-11.760000
34.255361	12.991297	-9.978141
35.025082	10.867899	-8.713442
34.121793	9.918688	-7.049859
32.290076	9.016112	-7.026658
31.837091	6.879172	-6.999005
31.720557	5.019098	-5.102075
30.562905	3.793885	-2.701687
30.105434	3.762719	0.254382
30.787538	3.295923	3.239268
31.229753	2.669272	6.129868
32.913884	1.879643	8.468935
33.481480	1.212546	11.126965
32.140213	1.803645	13.475198
29.683063	2.365193	14.788186
27.351171	4.063405	14.656205
25.264183	5.563190	13.153543
24.314879	7.654086	11.114330
23.528009	8.953792	8.407219
24.054870	10.051264	5.404421
24.517961	10.301918	2.108723
25.397221	9.640677	-0.989257
25.416053	8.862419	-4.055669
25.048930	7.220198	-6.501614
24.954844	6.198686	-8.995287
23.464984	5.210298	-10.192002
21.767415	6.404271	-10.136760
21.513100	8.647001	-9.453691
21.153583	9.978300	-6.987965
21.288397	10.061564	-3.936168
20.986879	8.743533	-1.010795
21.554865	7.404296	1.973674
23.098487	5.787683	4.424823
24.928554	5.127007	6.988437
27.417911	5.307261	8.873289
29.501088	5.381596	10.938997
31.678837	6.642122	11.868351
34.290704	7.105053	11.039283
35.659248	7.478752	8.758599
35.201534	8.340742	6.040266
34.982146	9.165770	3.006341
33.833356	10.393384	0.819165
31.586696	10.638860	0.323773
29.636349	11.732558	1.790899
27.656787	13.852831	3.016225
25.537517	15.555631	3.918317
23.446176	16.608315	2.543317
22.368247	17.210328	0.334547
23.128603	18.593730	-1.010028
24.928243	18.303474	-1.598767
25.252421	16.998134	-2.988075
25.073114	17.502705	-4.879268
26.473244	18.506965	-5.798003
28.030360	17.401420	-6.483235
27.455413	15.743444	-8.017410
25.375267	15.481530	-10.107331
23.040799	15.634360	-12.470257
20.040000	15.140000	-14.140000
