4.586000	32.024000	2.913000
3.934821	31.373251	1.381064
3.283821	30.724745	-0.146440
2.633000	30.078498	-1.669485
1.982369	29.434633	-3.187827
1.331936	28.793257	-4.701252
0.681700	28.154361	-6.209780
0.031656	27.517878	-7.713543
-0.618293	26.882586	-9.214955
-1.268054	26.249656	-10.711703
-1.917628	25.619064	-12.203832
-2.567019	24.990783	-13.691398
-3.125835	25.012424	-13.790948
-3.682422	25.032432	-13.889531
-4.236563	25.050660	-13.987061
-4.788145	25.067029	-14.083491
-5.337374	25.081696	-14.178914
-5.885497	25.095563	-14.273864
-5.864167	25.075933	-14.267636
-5.840463	25.056793	-14.261013
-5.814277	25.038165	-14.253974
-5.785485	25.020076	-14.246500
-5.753955	25.002554	-14.238568
-5.719543	24.985628	-14.230154
-5.683653	24.969008	-14.221493
-5.644724	24.953018	-14.212324
-5.602576	24.937696	-14.202616
-5.556974	24.923091	-14.192331
-5.507618	24.909265	-14.181417
-5.454159	24.896294	-14.169815
-5.396242	24.884251	-14.157467
-5.333550	24.873203	-14.144319
-5.265802	24.863212	-14.130324
-5.192739	24.854332	-14.115437
-5.114106	24.846619	-14.099616
-5.029643	24.840131	-14.082816
-4.939086	24.834924	-14.064993
-4.842162	24.831061	-14.046099
-4.738594	24.828603	-14.026088
-4.628099	24.827613	-14.004911
-4.510388	24.828157	-13.982519
-4.385169	24.830302	-13.958861
-4.252140	24.834119	-13.933884
-4.110986	24.839681	-13.907535
-3.961374	24.847066	-13.879756
-3.802945	24.856360	-13.850484
-3.635303	24.867659	-13.819650
-3.457997	24.881070	-13.787175
-3.270507	24.896721	-13.752968
-3.072213	24.914760	-13.716921
-2.862371	24.935369	-13.678903
-2.640075	24.958768	-13.638755
-2.404230	24.985225	-13.596286
-2.532274	25.046145	-13.576797
-3.011335	25.053549	-13.668936
-3.490513	25.060788	-13.762971
-3.969806	25.067860	-13.858918
-4.449159	25.074848	-13.955834
-4.928628	25.081669	-14.054663
-5.408214	25.088323	-14.155395
-5.891250	25.090112	-14.313307
-6.392220	25.072363	-14.810230
-6.893320	25.054497	-15.309818
-7.394552	25.036515	-15.812079
-7.895916	25.018415	-16.317020
-8.397412	25.000197	-16.824648
-8.899040	24.981862	-17.334969
-9.400801	24.963409	-17.847986
-9.902694	24.944837	-18.363707
-10.404721	24.926147	-18.882139
-10.906882	24.907338	-19.403291
-11.409176	24.888410	-19.927170
-11.911605	24.869361	-20.453786
-12.414101	24.850253	-20.981776
-12.916733	24.831024	-21.512519
-13.419501	24.811674	-22.046035
-13.922406	24.792202	-22.582344
-14.425449	24.772607	-23.121462
-14.928630	24.752889	-23.663394
-15.431949	24.733048	-24.208134
-15.935406	24.713085	-24.755672
-16.439000	24.693000	-25.306000
