4.586000	32.024000	2.913000
3.928113	31.263533	1.211607
3.271585	30.530046	-0.452486
2.616453	29.822999	-2.077984
1.962741	29.141863	-3.663799
1.310480	28.486361	-5.208705
0.658953	27.843648	-6.732820
0.008910	27.226506	-8.214671
-0.639624	26.634819	-9.653238
-1.286680	26.067702	-11.049127
-1.932388	25.522747	-12.405878
-2.576862	24.997887	-13.726625
-3.161623	25.050470	-13.845694
-3.729620	25.088555	-13.955169
-4.278840	25.112534	-14.055554
-4.807051	25.122878	-14.147307
-5.311705	25.120123	-14.230825
-5.789993	25.104908	-14.306460
-6.239087	25.078033	-14.374553
-6.636360	25.035809	-14.431820
-6.989870	24.984828	-14.481637
-7.296221	24.926866	-14.524249
-7.556745	24.864096	-14.560435
-7.774491	24.798348	-14.591008
-7.953398	24.731037	-14.616740
-8.097573	24.663205	-14.638307
-8.225392	24.595332	-14.657947
-8.322437	24.527739	-14.674018
-8.392346	24.461029	-14.687026
-8.438205	24.395598	-14.697367
-8.462447	24.331722	-14.705333
-8.466806	24.269620	-14.711121
-8.452249	24.209515	-14.714832
-8.418887	24.151683	-14.716463
-8.365945	24.096503	-14.715904
-8.291865	24.044477	-14.712944
-8.194552	23.996244	-14.707299
-8.071676	23.952561	-14.698629
-7.920822	23.914314	-14.686555
-7.722292	23.886721	-14.668308
-7.488195	23.868293	-14.645059
-7.196671	23.867396	-14.612555
-6.866134	23.880892	-14.572469
-6.497802	23.910657	-14.523637
-6.093900	23.958598	-14.464708
-5.657820	24.026353	-14.394327
-5.194749	24.114668	-14.311579
-4.711954	24.223059	-14.216362
-4.218780	24.349948	-14.109572
-3.727503	24.492574	-13.993461
-3.254346	24.646586	-13.872089
-2.816234	24.806317	-13.750803
-2.399529	24.967384	-13.630970
-2.535979	25.040576	-13.635274
-3.016668	25.045658	-13.753820
-3.498503	25.049196	-13.891852
-3.981483	25.051217	-14.049602
-4.465614	25.051744	-14.227376
-4.950903	25.050798	-14.425532
-5.436774	25.049119	-14.633972
-5.923812	25.045986	-14.863164
-6.412025	25.041416	-15.113455
-6.901417	25.035435	-15.385117
-7.391985	25.028072	-15.678333
-7.883731	25.019355	-15.993303
-8.376668	25.009296	-16.330501
-8.870834	24.997885	-16.690863
-9.366279	24.985098	-17.075585
-9.863042	24.970934	-17.485655
-10.361132	24.955427	-17.921623
-10.860547	24.938632	-18.383791
-11.361279	24.920614	-18.872436
-11.863320	24.901446	-19.387897
-12.366666	24.881202	-19.930576
-12.871309	24.859966	-20.500915
-13.377242	24.837834	-21.099373
-13.884452	24.814910	-21.726401
-14.392923	24.791313	-22.382451
-14.902638	24.767173	-23.067977
-15.413573	24.742633	-23.783438
-15.925704	24.717852	-24.529296
-16.439000	24.693000	-25.306000
